  EFITD    01/21/2000    #144977  3001ms           7  65  65
 0.170000005E+01 0.320000005E+01 0.169550002E+01 0.839999974E+00 0.000000000E+00
 0.174582100E+01 0.243942421E-01-0.320982188E+00-0.825211704E-01-0.210940409E+01
 0.996558625E+06-0.320982188E+00 0.000000000E+00 0.174582100E+01 0.000000000E+00
 0.243942421E-01 0.000000000E+00-0.825211704E-01 0.000000000E+00 0.000000000E+00
-0.362038136E+01-0.361809707E+01-0.361589241E+01-0.361376643E+01-0.361171746E+01
-0.360974407E+01-0.360784531E+01-0.360601974E+01-0.360426593E+01-0.360258222E+01
-0.360096765E+01-0.359942079E+01-0.359793997E+01-0.359652400E+01-0.359517145E+01
-0.359388113E+01-0.359265113E+01-0.359148049E+01-0.359036779E+01-0.358931136E+01
-0.358830976E+01-0.358736181E+01-0.358646584E+01-0.358562040E+01-0.358482432E+01
-0.358407593E+01-0.358337402E+01-0.358271670E+01-0.358210301E+01-0.358153105E+01
-0.358099961E+01-0.358050704E+01-0.358005238E+01-0.357963347E+01-0.357924938E+01
-0.357889819E+01-0.357857895E+01-0.357828975E+01-0.357802916E+01-0.357779598E+01
-0.357758856E+01-0.357740545E+01-0.357724524E+01-0.357710624E+01-0.357698703E+01
-0.357688642E+01-0.357680249E+01-0.357673407E+01-0.357667971E+01-0.357663774E+01
-0.357660651E+01-0.357658505E+01-0.357657146E+01-0.357656455E+01-0.357656264E+01
-0.357656431E+01-0.357656789E+01-0.357657218E+01-0.357657552E+01-0.357657671E+01
-0.357657385E+01-0.357656574E+01-0.357655096E+01-0.357652760E+01-0.357649469E+01
 0.618967500E+05 0.606127422E+05 0.593387930E+05 0.580749023E+05 0.568210703E+05
 0.555772969E+05 0.543435859E+05 0.531199336E+05 0.519063398E+05 0.507028047E+05
 0.495093320E+05 0.483259141E+05 0.471525586E+05 0.459892617E+05 0.448360273E+05
 0.436928477E+05 0.425597305E+05 0.414366719E+05 0.403236758E+05 0.392207344E+05
 0.381278555E+05 0.370450352E+05 0.359722734E+05 0.349095703E+05 0.338569297E+05
 0.328143477E+05 0.317818242E+05 0.307593594E+05 0.297469551E+05 0.287446113E+05
 0.277523242E+05 0.267700996E+05 0.257979336E+05 0.248358262E+05 0.238837773E+05
 0.229417891E+05 0.220098613E+05 0.210879922E+05 0.201761816E+05 0.192744316E+05
 0.183827422E+05 0.175011094E+05 0.166295391E+05 0.157680254E+05 0.149165732E+05
 0.140751797E+05 0.132438447E+05 0.124225703E+05 0.116113555E+05 0.108102002E+05
 0.100191035E+05 0.923806738E+04 0.846708984E+04 0.770617188E+04 0.695531348E+04
 0.621451465E+04 0.548377490E+04 0.476309521E+04 0.405247461E+04 0.335191357E+04
 0.266141187E+04 0.198096973E+04 0.131058704E+04 0.650263794E+03 0.000000000E+00
-0.225865889E+01-0.217913318E+01-0.210102987E+01-0.202434897E+01-0.194909060E+01
-0.187525475E+01-0.180284131E+01-0.173185039E+01-0.166228187E+01-0.159413576E+01
-0.152741218E+01-0.146211100E+01-0.139823234E+01-0.133577609E+01-0.127474236E+01
-0.121513104E+01-0.115694225E+01-0.110017586E+01-0.104483187E+01-0.990910411E+00
-0.938411355E+00-0.887334824E+00-0.837680697E+00-0.789449036E+00-0.742639840E+00
-0.697253108E+00-0.653288841E+00-0.610747039E+00-0.569627643E+00-0.529930770E+00
-0.491656303E+00-0.454804331E+00-0.419374794E+00-0.385367721E+00-0.352783114E+00
-0.321620941E+00-0.291881263E+00-0.263564020E+00-0.236669227E+00-0.211196899E+00
-0.187147036E+00-0.164519623E+00-0.143314674E+00-0.123532176E+00-0.105172142E+00
-0.882345662E-01-0.727194399E-01-0.586267784E-01-0.459565744E-01-0.347088240E-01
-0.248835348E-01-0.164807029E-01-0.950032752E-02-0.394241093E-02 0.193048283E-03
 0.290604960E-02 0.419659307E-02 0.406467915E-02 0.251030712E-02-0.466522441E-03
-0.486580981E-02-0.106875552E-01-0.179317575E-01-0.265984181E-01-0.366875380E-01
-0.345962312E+06-0.343262500E+06-0.340562656E+06-0.337862812E+06-0.335162969E+06
-0.332463156E+06-0.329763312E+06-0.327063469E+06-0.324363656E+06-0.321663812E+06
-0.318963969E+06-0.316264125E+06-0.313564312E+06-0.310864469E+06-0.308164625E+06
-0.305464812E+06-0.302764969E+06-0.300065125E+06-0.297365281E+06-0.294665469E+06
-0.291965625E+06-0.289265781E+06-0.286565938E+06-0.283866125E+06-0.281166281E+06
-0.278466438E+06-0.275766625E+06-0.273066781E+06-0.270366938E+06-0.267667094E+06
-0.264967281E+06-0.262267438E+06-0.259567594E+06-0.256867766E+06-0.254167938E+06
-0.251468094E+06-0.248768266E+06-0.246068422E+06-0.243368594E+06-0.240668750E+06
-0.237968922E+06-0.235269078E+06-0.232569250E+06-0.229869406E+06-0.227169578E+06
-0.224469750E+06-0.221769906E+06-0.219070078E+06-0.216370234E+06-0.213670406E+06
-0.210970562E+06-0.208270734E+06-0.205570891E+06-0.202871062E+06-0.200171234E+06
-0.197471391E+06-0.194771562E+06-0.192071719E+06-0.189371891E+06-0.186672047E+06
-0.183972219E+06-0.181272375E+06-0.178572547E+06-0.175872719E+06-0.173172875E+06
-0.617066678E-02-0.579931121E-02-0.531597901E-02-0.472067948E-02-0.401342381E-02
-0.326866959E-02-0.259342231E-02-0.198115548E-02-0.142492959E-02-0.918629696E-03
-0.456942274E-03-0.352777934E-04 0.350321148E-03 0.703268743E-03 0.102651573E-02
 0.132261834E-02 0.159379607E-02 0.184198073E-02 0.206885673E-02 0.227589486E-02
 0.246438058E-02 0.263543706E-02 0.279004476E-02 0.292905723E-02 0.305321580E-02
 0.316315913E-02 0.325943367E-02 0.334250135E-02 0.341274589E-02 0.347047765E-02
 0.351593830E-02 0.354930339E-02 0.357068540E-02 0.358013506E-02 0.357764191E-02
 0.356313516E-02 0.353648234E-02 0.349748810E-02 0.344589236E-02 0.338136707E-02
 0.330351316E-02 0.321185379E-02 0.310583017E-02 0.298479316E-02 0.284799421E-02
 0.269457465E-02 0.252355263E-02 0.233380683E-02 0.212405832E-02 0.189284759E-02
 0.163850654E-02 0.135912618E-02 0.105251698E-02 0.716161157E-03 0.347155728E-03
-0.578546969E-04-0.502756389E-03-0.992054585E-03-0.153096544E-02-0.212549767E-02
-0.278248521E-02-0.350949308E-02-0.422233110E-02-0.482366560E-02-0.531343697E-02
-0.535849715E-02-0.498931855E-02-0.450811209E-02-0.391488010E-02-0.328131299E-02
-0.268556923E-02-0.212966208E-02-0.161332660E-02-0.113508105E-02-0.692852191E-03
-0.284336857E-03 0.927938236E-04 0.440783449E-03 0.761734438E-03 0.105758372E-02
 0.133009651E-02 0.158087024E-02 0.181134266E-02 0.202280376E-02 0.221640640E-02
 0.239317911E-02 0.255403551E-02 0.269978493E-02 0.283114053E-02 0.294872816E-02
 0.305309123E-02 0.314469915E-02 0.322394934E-02 0.329117430E-02 0.334664341E-02
 0.339056575E-02 0.342309359E-02 0.344432308E-02 0.345429545E-02 0.345299812E-02
 0.344036473E-02 0.341627421E-02 0.338055054E-02 0.333296112E-02 0.327321421E-02
 0.320095755E-02 0.311577343E-02 0.301717594E-02 0.290460582E-02 0.277742464E-02
 0.263490831E-02 0.247624004E-02 0.230050110E-02 0.210666121E-02 0.189356843E-02
 0.165993802E-02 0.140433968E-02 0.112518715E-02 0.820728776E-03 0.489043130E-03
 0.128043219E-03-0.264502130E-03-0.690917543E-03-0.115351903E-02-0.165442505E-02
-0.219521997E-02-0.277637132E-02-0.339624472E-02-0.399437733E-02-0.448192470E-02
-0.414327672E-02-0.377627322E-02-0.333030219E-02-0.286952103E-02-0.240900787E-02
-0.195849361E-02-0.152419659E-02-0.110982521E-02-0.717357965E-03-0.347614550E-03
-0.659301236E-06 0.323920045E-03 0.626822817E-03 0.908908376E-03 0.117111159E-02
 0.141438784E-02 0.163967756E-02 0.184788380E-02 0.203985930E-02 0.221639825E-02
 0.237823324E-02 0.252603414E-02 0.266040768E-02 0.278189965E-02 0.289099617E-02
 0.298812566E-02 0.307366112E-02 0.314792246E-02 0.321117742E-02 0.326364441E-02
 0.330549246E-02 0.333684403E-02 0.335777504E-02 0.336831482E-02 0.336844847E-02
 0.335811521E-02 0.333720911E-02 0.330557814E-02 0.326302391E-02 0.320930127E-02
 0.314411521E-02 0.306712184E-02 0.297792489E-02 0.287607475E-02 0.276106643E-02
 0.263233692E-02 0.248926482E-02 0.233116769E-02 0.215730234E-02 0.196686550E-02
 0.175899744E-02 0.153278827E-02 0.128729118E-02 0.102154247E-02 0.734595698E-03
 0.425573060E-03 0.937457808E-04-0.261345733E-03-0.639711739E-03-0.104064797E-02
-0.146235037E-02-0.190136861E-02-0.235185539E-02-0.280459039E-02-0.324583170E-02
-0.264049089E-02-0.240173261E-02-0.212249462E-02-0.181692629E-02-0.149662769E-02
-0.117067108E-02-0.845880597E-03-0.527213386E-03-0.218146859E-03 0.789771002E-04
 0.362666440E-03 0.632052368E-03 0.886714959E-03 0.112655142E-02 0.135167793E-02
 0.156235730E-02 0.175894599E-02 0.194185600E-02 0.211152644E-02 0.226840447E-02
 0.241292990E-02 0.254552625E-02 0.266659306E-02 0.277650193E-02 0.287559163E-02
 0.296416809E-02 0.304250163E-02 0.311082648E-02 0.316934101E-02 0.321820658E-02
 0.325754890E-02 0.328745693E-02 0.330798351E-02 0.331914588E-02 0.332092517E-02
 0.331326737E-02 0.329608237E-02 0.326924538E-02 0.323259574E-02 0.318593741E-02
 0.312904036E-02 0.306163868E-02 0.298343273E-02 0.289409002E-02 0.279324525E-02
 0.268050400E-02 0.255544484E-02 0.241762400E-02 0.226658327E-02 0.210185768E-02
 0.192299078E-02 0.172955287E-02 0.152116793E-02 0.129755004E-02 0.105855463E-02
 0.804247509E-03 0.534999359E-03 0.251612248E-03-0.445118640E-04-0.351152092E-03
-0.664990861E-03-0.981276738E-03-0.129344163E-02-0.159271411E-02-0.186781934E-02
-0.129111321E-02-0.116689818E-02-0.100440555E-02-0.813049730E-03-0.601250387E-03
-0.376214884E-03-0.143899015E-03 0.909183000E-04 0.324499328E-03 0.553989492E-03
 0.777260459E-03 0.992767280E-03 0.119942508E-02 0.139650598E-02 0.158355513E-02
 0.176032376E-02 0.192671595E-02 0.208274694E-02 0.222851103E-02 0.236415514E-02
 0.248986157E-02 0.260583102E-02 0.271227211E-02 0.280939229E-02 0.289739133E-02
 0.297645596E-02 0.304675638E-02 0.310844276E-02 0.316164363E-02 0.320646423E-02
 0.324298511E-02 0.327126193E-02 0.329132401E-02 0.330317509E-02 0.330679258E-02
 0.330212852E-02 0.328910863E-02 0.326763419E-02 0.323758251E-02 0.319880689E-02
 0.315113948E-02 0.309439213E-02 0.302835880E-02 0.295281876E-02 0.286754058E-02
 0.277228653E-02 0.266682007E-02 0.255091395E-02 0.242436118E-02 0.228698971E-02
 0.213868124E-02 0.197939551E-02 0.180920167E-02 0.162831810E-02 0.143716473E-02
 0.123642699E-02 0.102713821E-02 0.810779165E-03 0.589399191E-03 0.365756161E-03
 0.143472163E-03-0.728078157E-04-0.277275627E-03-0.462874828E-03-0.621321902E-03
-0.112790563E-03-0.668719076E-04 0.128308175E-04 0.120076627E-03 0.248944591E-03
 0.394042989E-03 0.550622644E-03 0.714613940E-03 0.882609456E-03 0.105181371E-02
 0.121997460E-02 0.138530903E-02 0.154642959E-02 0.170227711E-02 0.185205997E-02
 0.199520262E-02 0.213130144E-02 0.226008706E-02 0.238139578E-02 0.249514310E-02
 0.260130339E-02 0.269989530E-02 0.279096654E-02 0.287458370E-02 0.295082503E-02
 0.301977154E-02 0.308150309E-02 0.313609326E-02 0.318360655E-02 0.322409533E-02
 0.325759826E-02 0.328413863E-02 0.330372341E-02 0.331634306E-02 0.332197035E-02
 0.332056195E-02 0.331205828E-02 0.329638412E-02 0.327345030E-02 0.324315531E-02
 0.320538739E-02 0.316002802E-02 0.310695427E-02 0.304604461E-02 0.297718262E-02
 0.290026586E-02 0.281521259E-02 0.272197323E-02 0.262054242E-02 0.251097628E-02
 0.239341054E-02 0.226808572E-02 0.213537621E-02 0.199582684E-02 0.185019406E-02
 0.169949874E-02 0.154508394E-02 0.138868170E-02 0.123248610E-02 0.107922661E-02
 0.932238938E-03 0.795517233E-03 0.673737319E-03 0.572227174E-03 0.496865076E-03
 0.923173444E-03 0.913490599E-03 0.932941446E-03 0.977333402E-03 0.104251876E-02
 0.112454919E-02 0.121978286E-02 0.132494757E-02 0.143716764E-02 0.155396352E-02
 0.167323276E-02 0.179321889E-02 0.191247463E-02 0.202982314E-02 0.214432040E-02
 0.225521927E-02 0.236193649E-02 0.246402598E-02 0.256115198E-02 0.265306886E-02
 0.273960177E-02 0.282063242E-02 0.289608468E-02 0.296591525E-02 0.303010317E-02
 0.308864354E-02 0.314154034E-02 0.318880286E-02 0.323043996E-02 0.326645840E-02
 0.329685956E-02 0.332163810E-02 0.334078004E-02 0.335426303E-02 0.336205517E-02
 0.336411572E-02 0.336039602E-02 0.335084018E-02 0.333538675E-02 0.331397145E-02
 0.328652910E-02 0.325299799E-02 0.321332342E-02 0.316746300E-02 0.311539322E-02
 0.305711641E-02 0.299266982E-02 0.292213610E-02 0.284565659E-02 0.276344595E-02
 0.267580990E-02 0.258316635E-02 0.248607015E-02 0.238524005E-02 0.228159130E-02
 0.217626966E-02 0.207068981E-02 0.196657330E-02 0.186598604E-02 0.177136937E-02
 0.168556150E-02 0.161180005E-02 0.155369937E-02 0.151519186E-02 0.150042714E-02
 0.184108724E-02 0.179042912E-02 0.176475523E-02 0.176119828E-02 0.177683285E-02
 0.180878129E-02 0.185429619E-02 0.191081990E-02 0.197602157E-02 0.204781583E-02
 0.212436635E-02 0.220407918E-02 0.228558783E-02 0.236773537E-02 0.244955160E-02
 0.253023230E-02 0.260911742E-02 0.268567074E-02 0.275946083E-02 0.283014495E-02
 0.289745349E-02 0.296117668E-02 0.302115316E-02 0.307726022E-02 0.312940474E-02
 0.317751686E-02 0.322154257E-02 0.326144020E-02 0.329717458E-02 0.332871522E-02
 0.335603277E-02 0.337909698E-02 0.339787593E-02 0.341233495E-02 0.342243677E-02
 0.342814089E-02 0.342940562E-02 0.342618790E-02 0.341844722E-02 0.340614631E-02
 0.338925445E-02 0.336775207E-02 0.334163452E-02 0.331091764E-02 0.327564357E-02
 0.323588890E-02 0.319177215E-02 0.314346398E-02 0.309119909E-02 0.303528807E-02
 0.297613326E-02 0.291424408E-02 0.285025593E-02 0.278495043E-02 0.271927542E-02
 0.265436783E-02 0.259157340E-02 0.253246771E-02 0.247886847E-02 0.243284553E-02
 0.239671743E-02 0.237303483E-02 0.236454536E-02 0.237413752E-02 0.240476057E-02
 0.266053691E-02 0.257860078E-02 0.251813163E-02 0.247713435E-02 0.245352625E-02
 0.244520558E-02 0.245011318E-02 0.246627838E-02 0.249185483E-02 0.252514286E-02
 0.256460207E-02 0.260885642E-02 0.265669031E-02 0.270704320E-02 0.275899889E-02
 0.281177345E-02 0.286470121E-02 0.291722314E-02 0.296887220E-02 0.301926187E-02
 0.306807365E-02 0.311504770E-02 0.315997214E-02 0.320267514E-02 0.324301678E-02
 0.328088365E-02 0.331618194E-02 0.334883342E-02 0.337877078E-02 0.340593513E-02
 0.343027338E-02 0.345173548E-02 0.347027369E-02 0.348584261E-02 0.349839753E-02
 0.350789609E-02 0.351429777E-02 0.351756765E-02 0.351767568E-02 0.351460138E-02
 0.350833568E-02 0.349888555E-02 0.348627777E-02 0.347056380E-02 0.345182675E-02
 0.343018700E-02 0.340580964E-02 0.337891397E-02 0.334978197E-02 0.331876846E-02
 0.328631350E-02 0.325295329E-02 0.321933348E-02 0.318622217E-02 0.315452274E-02
 0.312528550E-02 0.309971767E-02 0.307919108E-02 0.306524429E-02 0.305957906E-02
 0.306404801E-02 0.308063324E-02 0.311141321E-02 0.315851555E-02 0.322405971E-02
 0.339711527E-02 0.329048722E-02 0.320239644E-02 0.313143688E-02 0.307611236E-02
 0.303488364E-02 0.300621125E-02 0.298859063E-02 0.298058055E-02 0.298082479E-02
 0.298806699E-02 0.300115813E-02 0.301906094E-02 0.304084946E-02 0.306570553E-02
 0.309291226E-02 0.312184752E-02 0.315197557E-02 0.318283821E-02 0.321404589E-02
 0.324527011E-02 0.327623403E-02 0.330670550E-02 0.333649013E-02 0.336542493E-02
 0.339337229E-02 0.342021533E-02 0.344585348E-02 0.347019918E-02 0.349317421E-02
 0.351470779E-02 0.353473495E-02 0.355319516E-02 0.357003184E-02 0.358519214E-02
 0.359862810E-02 0.361029641E-02 0.362016121E-02 0.362819573E-02 0.363438460E-02
 0.363872712E-02 0.364124146E-02 0.364196720E-02 0.364097208E-02 0.363835576E-02
 0.363425585E-02 0.362885487E-02 0.362238660E-02 0.361514394E-02 0.360748614E-02
 0.359984767E-02 0.359274610E-02 0.358679076E-02 0.358268991E-02 0.358125847E-02
 0.358342286E-02 0.359022501E-02 0.360282208E-02 0.362248346E-02 0.365058193E-02
 0.368857989E-02 0.373800821E-02 0.380043848E-02 0.387744722E-02 0.397057552E-02
 0.406326912E-02 0.393650308E-02 0.382584170E-02 0.373028545E-02 0.364875444E-02
 0.358012109E-02 0.352323824E-02 0.347696594E-02 0.344019383E-02 0.341185881E-02
 0.339095853E-02 0.337656052E-02 0.336780841E-02 0.336392457E-02 0.336421002E-02
 0.336804218E-02 0.337487180E-02 0.338421762E-02 0.339566171E-02 0.340884225E-02
 0.342344888E-02 0.343921524E-02 0.345591386E-02 0.347335078E-02 0.349135883E-02
 0.350979506E-02 0.352853420E-02 0.354746659E-02 0.356649398E-02 0.358552742E-02
 0.360448542E-02 0.362329162E-02 0.364187406E-02 0.366016617E-02 0.367810461E-02
 0.369563210E-02 0.371269672E-02 0.372925540E-02 0.374527485E-02 0.376073364E-02
 0.377562735E-02 0.378996995E-02 0.380379823E-02 0.381717621E-02 0.383020053E-02
 0.384300342E-02 0.385576021E-02 0.386869279E-02 0.388207682E-02 0.389624690E-02
 0.391160231E-02 0.392861152E-02 0.394781958E-02 0.396985002E-02 0.399540784E-02
 0.402528420E-02 0.406035129E-02 0.410156371E-02 0.414994964E-02 0.420660293E-02
 0.427266816E-02 0.434932392E-02 0.443776092E-02 0.453915354E-02 0.465463428E-02
 0.466902647E-02 0.452530617E-02 0.439565862E-02 0.427937368E-02 0.417567324E-02
 0.408373447E-02 0.400270987E-02 0.393174402E-02 0.386999547E-02 0.381664559E-02
 0.377091370E-02 0.373206427E-02 0.369941257E-02 0.367233041E-02 0.365024549E-02
 0.363264326E-02 0.361906434E-02 0.360910222E-02 0.360239996E-02 0.359864603E-02
 0.359756965E-02 0.359893683E-02 0.360254454E-02 0.360821723E-02 0.361580192E-02
 0.362516404E-02 0.363618415E-02 0.364875467E-02 0.366277620E-02 0.367815630E-02
 0.369480741E-02 0.371264527E-02 0.373158883E-02 0.375155965E-02 0.377248228E-02
 0.379428570E-02 0.381690380E-02 0.384027814E-02 0.386435981E-02 0.388911157E-02
 0.391451176E-02 0.394055713E-02 0.396726606E-02 0.399468374E-02 0.402288511E-02
 0.405197917E-02 0.408211350E-02 0.411347812E-02 0.414631190E-02 0.418090308E-02
 0.421759626E-02 0.425679376E-02 0.429896032E-02 0.434462260E-02 0.439437153E-02
 0.444886042E-02 0.450880500E-02 0.457497593E-02 0.464819418E-02 0.472932123E-02
 0.481924787E-02 0.491887936E-02 0.502911722E-02 0.515084248E-02 0.528489193E-02
 0.522257341E-02 0.506412657E-02 0.491803838E-02 0.478380919E-02 0.466088485E-02
 0.454867166E-02 0.444655307E-02 0.435390044E-02 0.427008746E-02 0.419450225E-02
 0.412655342E-02 0.406568125E-02 0.401136046E-02 0.396310585E-02 0.392047316E-02
 0.388306030E-02 0.385050802E-02 0.382249709E-02 0.379874674E-02 0.377901085E-02
 0.376307569E-02 0.375075568E-02 0.374188880E-02 0.373633392E-02 0.373396627E-02
 0.373467361E-02 0.373835349E-02 0.374490977E-02 0.375425071E-02 0.376628642E-02
 0.378092774E-02 0.379808503E-02 0.381766795E-02 0.383958546E-02 0.386374653E-02
 0.389006152E-02 0.391844381E-02 0.394881144E-02 0.398109015E-02 0.401521614E-02
 0.405113958E-02 0.408882648E-02 0.412826333E-02 0.416946132E-02 0.421245908E-02
 0.425732695E-02 0.430416875E-02 0.435312884E-02 0.440439256E-02 0.445818994E-02
 0.451479759E-02 0.457454240E-02 0.463780109E-02 0.470500113E-02 0.477662031E-02
 0.485318433E-02 0.493526459E-02 0.502347248E-02 0.511845434E-02 0.522088073E-02
 0.533143943E-02 0.545082334E-02 0.557971513E-02 0.571877602E-02 0.586862862E-02
 0.573069369E-02 0.555906445E-02 0.539832609E-02 0.524813635E-02 0.510810921E-02
 0.497782975E-02 0.485685980E-02 0.474475231E-02 0.464105932E-02 0.454533938E-02
 0.445716735E-02 0.437613809E-02 0.430187210E-02 0.423401920E-02 0.417226087E-02
 0.411630981E-02 0.406591222E-02 0.402084412E-02 0.398091134E-02 0.394594623E-02
 0.391580537E-02 0.389036536E-02 0.386951980E-02 0.385317532E-02 0.384124788E-02
 0.383365969E-02 0.383033557E-02 0.383120077E-02 0.383617729E-02 0.384518364E-02
 0.385813229E-02 0.387492962E-02 0.389547530E-02 0.391966337E-02 0.394738279E-02
 0.397851970E-02 0.401295908E-02 0.405058637E-02 0.409129309E-02 0.413497631E-02
 0.418154616E-02 0.423092581E-02 0.428305753E-02 0.433790451E-02 0.439545559E-02
 0.445572939E-02 0.451877527E-02 0.458467845E-02 0.465356046E-02 0.472558383E-02
 0.480095157E-02 0.487990910E-02 0.496274419E-02 0.504978700E-02 0.514140818E-02
 0.523801753E-02 0.534005836E-02 0.544800516E-02 0.556235714E-02 0.568363070E-02
 0.581235159E-02 0.594904646E-02 0.609423080E-02 0.624840101E-02 0.641201995E-02
 0.619911263E-02 0.601534266E-02 0.584118301E-02 0.567641016E-02 0.552077079E-02
 0.537398597E-02 0.523576327E-02 0.510580139E-02 0.498379953E-02 0.486946292E-02
 0.476250798E-02 0.466266973E-02 0.456970185E-02 0.448338222E-02 0.440351386E-02
 0.432992587E-02 0.426247157E-02 0.420103082E-02 0.414550537E-02 0.409581559E-02
 0.405190140E-02 0.401371391E-02 0.398121541E-02 0.395437377E-02 0.393315777E-02
 0.391753623E-02 0.390747143E-02 0.390291749E-02 0.390381785E-02 0.391010335E-02
 0.392169133E-02 0.393848401E-02 0.396036962E-02 0.398722338E-02 0.401890883E-02
 0.405527931E-02 0.409618253E-02 0.414146204E-02 0.419096183E-02 0.424452964E-02
 0.430202112E-02 0.436330494E-02 0.442826422E-02 0.449680351E-02 0.456884922E-02
 0.464435667E-02 0.472330954E-02 0.480572460E-02 0.489165401E-02 0.498118531E-02
 0.507444376E-02 0.517159281E-02 0.527283316E-02 0.537840184E-02 0.548857125E-02
 0.560364546E-02 0.572395837E-02 0.584986666E-02 0.598174846E-02 0.611999305E-02
 0.626499811E-02 0.641715992E-02 0.657686591E-02 0.674448675E-02 0.692036701E-02
 0.663276343E-02 0.643751537E-02 0.625073584E-02 0.607229397E-02 0.590203609E-02
 0.573979551E-02 0.558539527E-02 0.543865422E-02 0.529939635E-02 0.516745169E-02
 0.504266284E-02 0.492488919E-02 0.481400918E-02 0.470992178E-02 0.461255014E-02
 0.452183885E-02 0.443775533E-02 0.436028792E-02 0.428944221E-02 0.422524102E-02
 0.416771742E-02 0.411691237E-02 0.407287059E-02 0.403563399E-02 0.400523981E-02
 0.398171367E-02 0.396506628E-02 0.395529065E-02 0.395235792E-02 0.395621685E-02
 0.396678969E-02 0.398397446E-02 0.400764542E-02 0.403765216E-02 0.407382427E-02
 0.411597406E-02 0.416389992E-02 0.421738951E-02 0.427622674E-02 0.434019510E-02
 0.440908223E-02 0.448268652E-02 0.456081936E-02 0.464331266E-02 0.473001925E-02
 0.482081901E-02 0.491562206E-02 0.501436880E-02 0.511703501E-02 0.522363046E-02
 0.533420173E-02 0.544882938E-02 0.556763168E-02 0.569075858E-02 0.581839308E-02
 0.595074659E-02 0.608805707E-02 0.623058341E-02 0.637860177E-02 0.653240131E-02
 0.669227587E-02 0.685852021E-02 0.703142304E-02 0.721126050E-02 0.739828777E-02
 0.703599397E-02 0.682964502E-02 0.663071917E-02 0.643915636E-02 0.625488395E-02
 0.607782230E-02 0.590788946E-02 0.574500533E-02 0.558909820E-02 0.544010708E-02
 0.529798726E-02 0.516271265E-02 0.503427722E-02 0.491269818E-02 0.479801651E-02
 0.469029602E-02 0.458962237E-02 0.449610082E-02 0.440985383E-02 0.433101645E-02
 0.425973209E-02 0.419614650E-02 0.414040359E-02 0.409263698E-02 0.405296683E-02
 0.402149139E-02 0.399828376E-02 0.398338493E-02 0.397680234E-02 0.397850573E-02
 0.398842571E-02 0.400645332E-02 0.403244281E-02 0.406621024E-02 0.410754094E-02
 0.415619137E-02 0.421189517E-02 0.427436875E-02 0.434331782E-02 0.441844389E-02
 0.449944939E-02 0.458604563E-02 0.467795692E-02 0.477492763E-02 0.487672398E-02
 0.498314155E-02 0.509400526E-02 0.520917401E-02 0.532854162E-02 0.545203872E-02
 0.557963131E-02 0.571132218E-02 0.584714953E-02 0.598718412E-02 0.613152888E-02
 0.628031464E-02 0.643369742E-02 0.659185508E-02 0.675498135E-02 0.692328345E-02
 0.709697418E-02 0.727627054E-02 0.746138534E-02 0.765252206E-02 0.784987118E-02
 0.741274050E-02 0.719544943E-02 0.698459707E-02 0.678017735E-02 0.658217957E-02
 0.639059488E-02 0.620541722E-02 0.602665124E-02 0.585431419E-02 0.568844099E-02
 0.552908750E-02 0.537633291E-02 0.523028197E-02 0.509106740E-02 0.495884847E-02
 0.483381189E-02 0.471616955E-02 0.460615568E-02 0.450402219E-02 0.441003358E-02
 0.432446320E-02 0.424758159E-02 0.417965278E-02 0.412092544E-02 0.407162216E-02
 0.403193431E-02 0.400201278E-02 0.398196187E-02 0.397183513E-02 0.397162838E-02
 0.398128107E-02 0.400067540E-02 0.402963487E-02 0.406793226E-02 0.411529094E-02
 0.417139381E-02 0.423588837E-02 0.430839788E-02 0.438852608E-02 0.447587017E-02
 0.457002595E-02 0.467059715E-02 0.477720145E-02 0.488947984E-02 0.500709796E-02
 0.512975454E-02 0.525718136E-02 0.538914930E-02 0.552546699E-02 0.566598354E-02
 0.581058674E-02 0.595920440E-02 0.611180067E-02 0.626837555E-02 0.642896211E-02
 0.659362180E-02 0.676244358E-02 0.693553779E-02 0.711303297E-02 0.729507254E-02
 0.748180738E-02 0.767339440E-02 0.786998961E-02 0.807174481E-02 0.827880297E-02
 0.776666496E-02 0.753842900E-02 0.731567713E-02 0.709844241E-02 0.688676070E-02
 0.668067625E-02 0.648024539E-02 0.628554076E-02 0.609665550E-02 0.591370696E-02
 0.573684135E-02 0.556623610E-02 0.540210214E-02 0.524468441E-02 0.509426463E-02
 0.495115854E-02 0.481571350E-02 0.468830671E-02 0.456933863E-02 0.445922604E-02
 0.435839547E-02 0.426727161E-02 0.418626843E-02 0.411577709E-02 0.405615428E-02
 0.400770968E-02 0.397069706E-02 0.394530268E-02 0.393163878E-02 0.392973702E-02
 0.393954618E-02 0.396093121E-02 0.399367698E-02 0.403749105E-02 0.409201346E-02
 0.415682606E-02 0.423146179E-02 0.431541773E-02 0.440816768E-02 0.450917240E-02
 0.461789221E-02 0.473379809E-02 0.485637924E-02 0.498515274E-02 0.511966785E-02
 0.525951339E-02 0.540432101E-02 0.555376569E-02 0.570756942E-02 0.586549984E-02
 0.602736976E-02 0.619303621E-02 0.636239862E-02 0.653539458E-02 0.671199709E-02
 0.689221267E-02 0.707607530E-02 0.726364367E-02 0.745499739E-02 0.765023008E-02
 0.784944836E-02 0.805276632E-02 0.826029945E-02 0.847216323E-02 0.868846569E-02
 0.810127240E-02 0.786197837E-02 0.762721477E-02 0.739704072E-02 0.717152422E-02
 0.695074769E-02 0.673481263E-02 0.652384432E-02 0.631799828E-02 0.611746125E-02
 0.592245907E-02 0.573325856E-02 0.555017078E-02 0.537355337E-02 0.520381145E-02
 0.504139764E-02 0.488680787E-02 0.474058092E-02 0.460328907E-02 0.447552977E-02
 0.435791817E-02 0.425107079E-02 0.415559160E-02 0.407205801E-02 0.400100090E-02
 0.394288916E-02 0.389811327E-02 0.386697077E-02 0.384965306E-02 0.384623790E-02
 0.385668455E-02 0.388083304E-02 0.391840795E-02 0.396902673E-02 0.403221184E-02
 0.410740357E-02 0.419397792E-02 0.429126387E-02 0.439855969E-02 0.451515010E-02
 0.464032358E-02 0.477338349E-02 0.491366349E-02 0.506053260E-02 0.521340687E-02
 0.537175313E-02 0.553509174E-02 0.570299989E-02 0.587511109E-02 0.605111523E-02
 0.623075524E-02 0.641382672E-02 0.660017086E-02 0.678967638E-02 0.698226923E-02
 0.717791310E-02 0.737660332E-02 0.757836085E-02 0.778323039E-02 0.799127482E-02
 0.820256956E-02 0.841720030E-02 0.863525923E-02 0.885683671E-02 0.908202305E-02
 0.842001103E-02 0.816947781E-02 0.792250410E-02 0.767915696E-02 0.743951974E-02
 0.720369676E-02 0.697181793E-02 0.674404576E-02 0.652057864E-02 0.630166009E-02
 0.608758023E-02 0.587868504E-02 0.567537779E-02 0.547812460E-02 0.528745539E-02
 0.510396715E-02 0.492831971E-02 0.476123299E-02 0.460348185E-02 0.445588399E-02
 0.431928644E-02 0.419455068E-02 0.408252981E-02 0.398404757E-02 0.389987184E-02
 0.383068970E-02 0.377708185E-02 0.373949949E-02 0.371824577E-02 0.371346204E-02
 0.372511870E-02 0.375301647E-02 0.379679142E-02 0.385592855E-02 0.392977940E-02
 0.401758496E-02 0.411850167E-02 0.423162617E-02 0.435602060E-02 0.449073920E-02
 0.463484740E-02 0.478744088E-02 0.494766049E-02 0.511470344E-02 0.528783211E-02
 0.546637876E-02 0.564974733E-02 0.583741535E-02 0.602893252E-02 0.622391608E-02
 0.642204983E-02 0.662307721E-02 0.682679890E-02 0.703306496E-02 0.724177249E-02
 0.745285768E-02 0.766629167E-02 0.788207538E-02 0.810023397E-02 0.832081493E-02
 0.854387693E-02 0.876949355E-02 0.899774488E-02 0.922871195E-02 0.946247857E-02
 0.872634538E-02 0.846438110E-02 0.820496399E-02 0.794815551E-02 0.769403577E-02
 0.744271278E-02 0.719432440E-02 0.694904895E-02 0.670710998E-02 0.646878453E-02
 0.623441068E-02 0.600439543E-02 0.577922119E-02 0.555945328E-02 0.534574408E-02
 0.513883727E-02 0.493956963E-02 0.474886736E-02 0.456774188E-02 0.439727772E-02
 0.423861714E-02 0.409293734E-02 0.396142341E-02 0.384523650E-02 0.374547415E-02
 0.366313267E-02 0.359906652E-02 0.355395139E-02 0.352825248E-02 0.352220144E-02
 0.353578408E-02 0.356873800E-02 0.362056354E-02 0.369054638E-02 0.377778593E-02
 0.388123235E-02 0.399972685E-02 0.413204171E-02 0.427691825E-02 0.443310104E-02
 0.459936820E-02 0.477455370E-02 0.495756790E-02 0.514740590E-02 0.534315873E-02
 0.554401614E-02 0.574926473E-02 0.595828751E-02 0.617055828E-02 0.638563791E-02
 0.660316506E-02 0.682285056E-02 0.704447040E-02 0.726785837E-02 0.749289850E-02
 0.771951955E-02 0.794768706E-02 0.817739964E-02 0.840867963E-02 0.864157360E-02
 0.887614302E-02 0.911245961E-02 0.935060531E-02 0.959066488E-02 0.983272586E-02
 0.902382936E-02 0.875027664E-02 0.847820845E-02 0.820765924E-02 0.793868769E-02
 0.767138088E-02 0.740586314E-02 0.714230211E-02 0.688091945E-02 0.662199967E-02
 0.636590039E-02 0.611306401E-02 0.586402835E-02 0.561943790E-02 0.538005354E-02
 0.514676282E-02 0.492058368E-02 0.470266957E-02 0.449430570E-02 0.429689977E-02
 0.411196565E-02 0.394109683E-02 0.378592825E-02 0.364809181E-02 0.352915889E-02
 0.343057979E-02 0.335361832E-02 0.329928938E-02 0.326830614E-02 0.326103857E-02
 0.327749061E-02 0.331729883E-02 0.337974983E-02 0.346381869E-02 0.356821972E-02
 0.369146769E-02 0.383194350E-02 0.398795586E-02 0.415780116E-02 0.433981000E-02
 0.453238888E-02 0.473404862E-02 0.494342344E-02 0.515928213E-02 0.538053317E-02
 0.560622336E-02 0.583553221E-02 0.606776401E-02 0.630233996E-02 0.653878506E-02
 0.677671935E-02 0.701584714E-02 0.725594582E-02 0.749685615E-02 0.773847429E-02
 0.798074342E-02 0.822364539E-02 0.846719369E-02 0.871143024E-02 0.895641465E-02
 0.920222513E-02 0.944895018E-02 0.969668385E-02 0.994552672E-02 0.101955784E-01
 0.931613892E-02 0.903093815E-02 0.874609966E-02 0.846161135E-02 0.817748811E-02
 0.789377093E-02 0.761053944E-02 0.732792169E-02 0.704610115E-02 0.676533347E-02
 0.648595626E-02 0.620840816E-02 0.593324192E-02 0.566114392E-02 0.539295189E-02
 0.512967166E-02 0.487249251E-02 0.462280121E-02 0.438218703E-02 0.415244000E-02
 0.393553963E-02 0.373362307E-02 0.354894367E-02 0.338380411E-02 0.324047473E-02
 0.312109501E-02 0.302756601E-02 0.296144164E-02 0.292383227E-02 0.291533000E-02
 0.293596578E-02 0.298520620E-02 0.306198653E-02 0.316478079E-02 0.329169375E-02
 0.344056799E-02 0.360909360E-02 0.379490899E-02 0.399568770E-02 0.420920877E-02
 0.443340372E-02 0.466639129E-02 0.490649324E-02 0.515223853E-02 0.540235871E-02
 0.565577811E-02 0.591159705E-02 0.616907747E-02 0.642762380E-02 0.668676617E-02
 0.694614416E-02 0.720549002E-02 0.746461796E-02 0.772340782E-02 0.798179675E-02
 0.823976845E-02 0.849734526E-02 0.875458028E-02 0.901154894E-02 0.926834531E-02
 0.952508021E-02 0.978186820E-02 0.100388341E-01 0.102961008E-01 0.105537931E-01
 0.960709341E-02 0.931034330E-02 0.901277456E-02 0.871431176E-02 0.841489714E-02
 0.811449997E-02 0.781312119E-02 0.751080876E-02 0.720766652E-02 0.690387096E-02
 0.659968751E-02 0.629549054E-02 0.599178579E-02 0.568923773E-02 0.538869575E-02
 0.509122666E-02 0.479814550E-02 0.451104390E-02 0.423181802E-02 0.396268442E-02
 0.370618072E-02 0.346514862E-02 0.324268616E-02 0.304206484E-02 0.286661042E-02
 0.271954644E-02 0.260380912E-02 0.252185157E-02 0.247545959E-02 0.246560574E-02
 0.249236450E-02 0.255490304E-02 0.265155057E-02 0.277993293E-02 0.293715065E-02
 0.311997463E-02 0.332503580E-02 0.354898861E-02 0.378864026E-02 0.404104125E-02
 0.430353964E-02 0.457380759E-02 0.484984228E-02 0.512995198E-02 0.541273411E-02
 0.569704408E-02 0.598196639E-02 0.626678206E-02 0.655094208E-02 0.683403946E-02
 0.711578736E-02 0.739599764E-02 0.767456228E-02 0.795144122E-02 0.822664704E-02
 0.850023422E-02 0.877229217E-02 0.904293358E-02 0.931229163E-02 0.958051160E-02
 0.984774902E-02 0.101141632E-01 0.103799142E-01 0.106451632E-01 0.109100658E-01
 0.990064442E-02 0.959266163E-02 0.928264111E-02 0.897041708E-02 0.865583774E-02
 0.833876524E-02 0.801908784E-02 0.769673055E-02 0.737166498E-02 0.704392884E-02
 0.671364320E-02 0.638103858E-02 0.604648190E-02 0.571051287E-02 0.537388399E-02
 0.503760995E-02 0.470301975E-02 0.437181490E-02 0.404613139E-02 0.372859347E-02
 0.342235668E-02 0.313112466E-02 0.285912515E-02 0.261102500E-02 0.239177141E-02
 0.220634788E-02 0.205945363E-02 0.195513037E-02 0.189639139E-02 0.188491098E-02
 0.192083931E-02 0.200278382E-02 0.212795939E-02 0.229247473E-02 0.249169837E-02
 0.272063422E-02 0.297425850E-02 0.324778212E-02 0.353682903E-02 0.383753586E-02
 0.414658850E-02 0.446121302E-02 0.477913953E-02 0.509854592E-02 0.541800121E-02
 0.573640643E-02 0.605293782E-02 0.636700029E-02 0.667818356E-02 0.698622735E-02
 0.729098916E-02 0.759242149E-02 0.789055135E-02 0.818546023E-02 0.847727526E-02
 0.876615476E-02 0.905228127E-02 0.933585223E-02 0.961707626E-02 0.989616569E-02
 0.101733366E-01 0.104488023E-01 0.107227713E-01 0.109954467E-01 0.112670241E-01
 0.102008227E-01 0.988221075E-02 0.956032332E-02 0.923489220E-02 0.890564360E-02
 0.857230555E-02 0.823461730E-02 0.789233297E-02 0.754523836E-02 0.719316211E-02
 0.683599850E-02 0.647373125E-02 0.610646605E-02 0.573447254E-02 0.535823731E-02
 0.497852871E-02 0.459647924E-02 0.421368238E-02 0.383230369E-02 0.345520908E-02
 0.308608916E-02 0.272957166E-02 0.239128782E-02 0.207785144E-02 0.179669994E-02
 0.155575236E-02 0.136285543E-02 0.122505252E-02 0.114777195E-02 0.113410410E-02
 0.118435069E-02 0.129597681E-02 0.146397925E-02 0.168156473E-02 0.194095750E-02
 0.223416043E-02 0.255355332E-02 0.289228233E-02 0.324445637E-02 0.360519369E-02
 0.397057226E-02 0.433752500E-02 0.470371498E-02 0.506740855E-02 0.542735960E-02
 0.578271039E-02 0.613290397E-02 0.647761812E-02 0.681670895E-02 0.715016713E-02
 0.747808442E-02 0.780062517E-02 0.811800733E-02 0.843048375E-02 0.873833522E-02
 0.904185325E-02 0.934133865E-02 0.963709597E-02 0.992942322E-02 0.102186166E-01
 0.105049619E-01 0.107887341E-01 0.110702002E-01 0.113496101E-01 0.116272029E-01
 0.105116563E-01 0.101833502E-01 0.985055976E-02 0.951289572E-02 0.916994829E-02
 0.882128626E-02 0.846646819E-02 0.810503960E-02 0.773654552E-02 0.736053940E-02
 0.697659934E-02 0.658434955E-02 0.618348969E-02 0.577383582E-02 0.535537768E-02
 0.492835371E-02 0.449335482E-02 0.405145902E-02 0.360440975E-02 0.315483962E-02
 0.270654168E-02 0.226477650E-02 0.183658034E-02 0.143100275E-02 0.105914730E-02
 0.733854715E-03 0.468851649E-03 0.277296000E-03 0.169870415E-03 0.152875728E-03
 0.226958116E-03 0.386969012E-03 0.623016502E-03 0.922286476E-03 0.127099827E-02
 0.165598467E-02 0.206567743E-02 0.249053072E-02 0.292304484E-02 0.335756014E-02
 0.378995738E-02 0.421734620E-02 0.463778479E-02 0.505004404E-02 0.545342127E-02
 0.584759563E-02 0.623252010E-02 0.660833763E-02 0.697532343E-02 0.733383792E-02
 0.768429972E-02 0.802715681E-02 0.836287346E-02 0.869191904E-02 0.901475642E-02
 0.933183916E-02 0.964360684E-02 0.995048136E-02 0.102528669E-01 0.105511462E-01
 0.108456844E-01 0.111368261E-01 0.114248935E-01 0.117101911E-01 0.119930031E-01
 0.108370418E-01 0.105003463E-01 0.101580368E-01 0.980959833E-02 0.945447572E-02
 0.909206923E-02 0.872173812E-02 0.834279228E-02 0.795449968E-02 0.755608687E-02
 0.714674219E-02 0.672562793E-02 0.629189750E-02 0.584472157E-02 0.538332993E-02
 0.490707764E-02 0.441554235E-02 0.390867004E-02 0.338699063E-02 0.285192928E-02
 0.230625016E-02 0.175466260E-02 0.120460789E-02 0.667222601E-03 0.189301369E-03
-0.196426336E-03-0.489990169E-03-0.691416673E-03-0.800728681E-03-0.817945809E-03
-0.743083656E-03-0.576154271E-03-0.317165657E-03 0.338779209E-04 0.476976245E-03
 0.993117690E-03 0.152690045E-02 0.206413143E-02 0.259661023E-02 0.311906799E-02
 0.362834334E-02 0.412273547E-02 0.460152794E-02 0.506465090E-02 0.551244523E-02
 0.594550651E-02 0.636457512E-02 0.677046552E-02 0.716402149E-02 0.754608540E-02
 0.791747868E-02 0.827899016E-02 0.863137189E-02 0.897533540E-02 0.931154750E-02
 0.964063592E-02 0.996318646E-02 0.102797477E-01 0.105908280E-01 0.108969044E-01
 0.111984191E-01 0.114957821E-01 0.117893750E-01 0.120795537E-01 0.123666460E-01
 0.111805880E-01 0.108371852E-01 0.104871755E-01 0.101299277E-01 0.976474863E-02
 0.939087477E-02 0.900746789E-02 0.861360319E-02 0.820826460E-02 0.779033080E-02
 0.735857012E-02 0.691162748E-02 0.644802023E-02 0.596613204E-02 0.546421902E-02
 0.494042458E-02 0.439282414E-02 0.381950568E-02 0.321872625E-02 0.258918596E-02
 0.193050283E-02 0.124401553E-02 0.581737142E-03 0.113320775E-04-0.466837315E-03
-0.852798810E-03-0.114657765E-02-0.134819630E-02-0.145767420E-02-0.147502788E-02
-0.140027096E-02-0.123341347E-02-0.974462251E-03-0.623420929E-03-0.180289746E-03
 0.354934455E-03 0.982258120E-03 0.165845326E-02 0.230844552E-02 0.292918552E-02
 0.352073740E-02 0.408422993E-02 0.462132180E-02 0.513389055E-02 0.562385796E-02
 0.609309040E-02 0.654335413E-02 0.697629061E-02 0.739341090E-02 0.779609894E-02
 0.818561669E-02 0.856311619E-02 0.892964471E-02 0.928615686E-02 0.963352527E-02
 0.997254439E-02 0.103039425E-01 0.106283836E-01 0.109464787E-01 0.112587865E-01
 0.115658212E-01 0.118680559E-01 0.121659227E-01 0.124598211E-01 0.127501190E-01
 0.115454402E-01 0.111973584E-01 0.108418763E-01 0.104782684E-01 0.101057254E-01
 0.972334668E-02 0.933012553E-02 0.892493408E-02 0.850650482E-02 0.807340536E-02
 0.762401568E-02 0.715649407E-02 0.666873856E-02 0.615834072E-02 0.562253175E-02
 0.505812000E-02 0.446141837E-02 0.382817211E-02 0.315349456E-02 0.243184203E-02
 0.165711041E-02 0.902003492E-03 0.239185974E-03-0.331369491E-03-0.809688354E-03
-0.119579409E-02-0.148970808E-02-0.169144943E-02-0.180103444E-02-0.181847729E-02
-0.174378930E-02-0.157697918E-02-0.131805276E-02-0.967012951E-03-0.523860042E-03
 0.114086833E-04 0.638798636E-03 0.135831814E-02 0.212637638E-02 0.284403539E-02
 0.351319253E-02 0.413951930E-02 0.472803833E-02 0.528312940E-02 0.580859138E-02
 0.630771462E-02 0.678335130E-02 0.723798294E-02 0.767377485E-02 0.809262507E-02
 0.849620532E-02 0.888599083E-02 0.926329289E-02 0.962927938E-02 0.998499431E-02
 0.103313774E-01 0.106692705E-01 0.109994393E-01 0.113225719E-01 0.116392970E-01
 0.119501855E-01 0.122557562E-01 0.125564858E-01 0.128528075E-01 0.131451180E-01
 0.119341044E-01 0.115836542E-01 0.112252636E-01 0.108581446E-01 0.104814116E-01
 0.100940736E-01 0.969501026E-02 0.928295683E-02 0.885646977E-02 0.841390342E-02
 0.795336068E-02 0.747264735E-02 0.696920417E-02 0.644002156E-02 0.588153163E-02
 0.528946193E-02 0.465863943E-02 0.398272835E-02 0.325386180E-02 0.246213377E-02
 0.162773824E-02 0.872596516E-03 0.209729449E-03-0.360885810E-03-0.839270710E-03
-0.122544495E-02-0.151942670E-02-0.172123173E-02-0.183087413E-02-0.184836576E-02
-0.177371607E-02-0.160693261E-02-0.134802004E-02-0.996981165E-03-0.553815917E-03
-0.185222107E-04 0.608904636E-03 0.132847170E-02 0.213779300E-02 0.292994152E-02
 0.365649629E-02 0.432789931E-02 0.495241210E-02 0.553666847E-02 0.608606823E-02
 0.660506124E-02 0.709735556E-02 0.756607251E-02 0.801386405E-02 0.844300166E-02
 0.885544810E-02 0.925290678E-02 0.963687059E-02 0.100086508E-01 0.103694089E-01
 0.107201776E-01 0.110618779E-01 0.113953361E-01 0.117212934E-01 0.120404214E-01
 0.123533271E-01 0.126605593E-01 0.129626179E-01 0.132599603E-01 0.135530001E-01
 0.123482980E-01 0.119979735E-01 0.116394563E-01 0.112719378E-01 0.108945081E-01
 0.105061466E-01 0.101056956E-01 0.969184097E-02 0.926308334E-02 0.881769788E-02
 0.835369248E-02 0.786874630E-02 0.736013055E-02 0.682461541E-02 0.625833031E-02
 0.565658463E-02 0.501361862E-02 0.432224944E-02 0.357335526E-02 0.275510782E-02
 0.191132911E-02 0.115623872E-02 0.493403582E-03-0.771953128E-04-0.555576000E-03
-0.941755017E-03-0.123574736E-02-0.143756659E-02-0.154722435E-02-0.156473054E-02
-0.149009342E-02-0.132331892E-02-0.106441125E-02-0.713372661E-03-0.270203163E-03
 0.265099108E-03 0.892537995E-03 0.161211949E-02 0.242385129E-02 0.324439467E-02
 0.399236940E-02 0.468029268E-02 0.531780440E-02 0.591246318E-02 0.647030631E-02
 0.699623395E-02 0.749427918E-02 0.796780270E-02 0.841963571E-02 0.885218289E-02
 0.926751085E-02 0.966740306E-02 0.100534139E-01 0.104269041E-01 0.107890731E-01
 0.111409836E-01 0.114835808E-01 0.118177105E-01 0.121441297E-01 0.124635212E-01
 0.127765024E-01 0.130836302E-01 0.133854114E-01 0.136823077E-01 0.139747374E-01
 0.127888527E-01 0.124412049E-01 0.120854126E-01 0.117206918E-01 0.113461651E-01
 0.109608462E-01 0.105636232E-01 0.101532359E-01 0.972825289E-02 0.928703416E-02
 0.882769190E-02 0.834804028E-02 0.784552936E-02 0.731715932E-02 0.675937114E-02
 0.616790121E-02 0.553758629E-02 0.486209849E-02 0.413358118E-02 0.334213628E-02
 0.250796555E-02 0.175299845E-02 0.109026348E-02 0.519744586E-03 0.414269452E-04
-0.344703236E-03-0.638658588E-03-0.840450230E-03-0.950088026E-03-0.967580301E-03
-0.892933749E-03-0.726153550E-03-0.467243139E-03-0.116204348E-03 0.326962734E-03
 0.862259709E-03 0.148968981E-02 0.220925780E-02 0.301857549E-02 0.381071190E-02
 0.453724246E-02 0.520860404E-02 0.583305256E-02 0.641721673E-02 0.696648937E-02
 0.748531381E-02 0.797738973E-02 0.844583195E-02 0.889328402E-02 0.932200812E-02
 0.973395817E-02 0.101308292E-01 0.105141047E-01 0.108850878E-01 0.112449294E-01
 0.115946541E-01 0.119351726E-01 0.122673018E-01 0.125917774E-01 0.129092596E-01
 0.132203475E-01 0.135255838E-01 0.138254622E-01 0.141204307E-01 0.144108981E-01
 0.132556781E-01 0.129131842E-01 0.125628803E-01 0.122040492E-01 0.118358945E-01
 0.114575289E-01 0.110679604E-01 0.106660761E-01 0.102506233E-01 0.982018840E-02
 0.937316753E-02 0.890773814E-02 0.842181500E-02 0.791300926E-02 0.737857120E-02
 0.681532640E-02 0.621960778E-02 0.558717782E-02 0.491316803E-02 0.419205194E-02
 0.341774197E-02 0.266295788E-02 0.200037961E-02 0.142999378E-02 0.951788214E-03
 0.565751456E-03 0.271873112E-03 0.701438184E-04-0.394445306E-04-0.568988362E-04
 0.177752918E-04 0.184573597E-03 0.443493162E-03 0.794532534E-03 0.123769161E-02
 0.177297159E-02 0.240037544E-02 0.311990688E-02 0.388796977E-02 0.460561924E-02
 0.527474424E-02 0.590100745E-02 0.648941891E-02 0.704434840E-02 0.756958127E-02
 0.806839298E-02 0.854362175E-02 0.899773277E-02 0.943287555E-02 0.985092949E-02
 0.102535486E-01 0.106421923E-01 0.110181505E-01 0.113825751E-01 0.117364898E-01
 0.120808147E-01 0.124163767E-01 0.127439192E-01 0.130641172E-01 0.133775789E-01
 0.136848604E-01 0.139864655E-01 0.142828561E-01 0.145744514E-01 0.148616377E-01
 0.137478057E-01 0.134127438E-01 0.130704530E-01 0.127203185E-01 0.123616634E-01
 0.119937472E-01 0.116157513E-01 0.112267761E-01 0.108258277E-01 0.104118129E-01
 0.998352654E-02 0.953964051E-02 0.907870010E-02 0.859911740E-02 0.809917785E-02
 0.757705234E-02 0.703084515E-02 0.645867223E-02 0.585881807E-02 0.523000862E-02
 0.457188720E-02 0.388581771E-02 0.322383526E-02 0.265362649E-02 0.217557373E-02
 0.178966729E-02 0.149589893E-02 0.129426096E-02 0.118474662E-02 0.116735022E-02
 0.124206708E-02 0.140889373E-02 0.166782783E-02 0.201886799E-02 0.246201432E-02
 0.299726776E-02 0.362463063E-02 0.430086860E-02 0.495089870E-02 0.557166105E-02
 0.616320735E-02 0.672665099E-02 0.726363529E-02 0.777601963E-02 0.826570485E-02
 0.873453636E-02 0.918425806E-02 0.961648766E-02 0.100327097E-01 0.104342820E-01
 0.108224396E-01 0.111983074E-01 0.115629034E-01 0.119171552E-01 0.122619048E-01
 0.125979194E-01 0.129258987E-01 0.132464804E-01 0.135602467E-01 0.138677321E-01
 0.141694238E-01 0.144657725E-01 0.147571899E-01 0.150440531E-01 0.153267123E-01
 0.142634977E-01 0.139378468E-01 0.136057390E-01 0.132666836E-01 0.129201505E-01
 0.125655672E-01 0.122023225E-01 0.118297599E-01 0.114471810E-01 0.110538471E-01
 0.106489835E-01 0.102317901E-01 0.980145950E-02 0.935720094E-02 0.889828429E-02
 0.842410233E-02 0.793427229E-02 0.742877880E-02 0.690818764E-02 0.637396146E-02
 0.582889793E-02 0.527774077E-02 0.472796243E-02 0.419072853E-02 0.371286157E-02
 0.332711614E-02 0.303348503E-02 0.283196219E-02 0.272254203E-02 0.270521990E-02
 0.277999206E-02 0.294685573E-02 0.320580858E-02 0.355685013E-02 0.399997970E-02
 0.451618340E-02 0.505005335E-02 0.558738830E-02 0.611997535E-02 0.664253207E-02
 0.715187937E-02 0.764629710E-02 0.812504627E-02 0.858803093E-02 0.903556775E-02
 0.946822017E-02 0.988669787E-02 0.102917841E-01 0.106842862E-01 0.110650118E-01
 0.114347441E-01 0.117942346E-01 0.121441958E-01 0.124853011E-01 0.128181782E-01
 0.131434156E-01 0.134615600E-01 0.137731219E-01 0.140785733E-01 0.143783549E-01
 0.146728745E-01 0.149625111E-01 0.152476160E-01 0.155285159E-01 0.158055127E-01
 0.148004051E-01 0.144857764E-01 0.141655924E-01 0.138394926E-01 0.135070998E-01
 0.131680211E-01 0.128218522E-01 0.124681806E-01 0.121065956E-01 0.117366966E-01
 0.113581102E-01 0.109705096E-01 0.105736442E-01 0.101673799E-01 0.975175854E-02
 0.932706892E-02 0.889395177E-02 0.845353492E-02 0.800760929E-02 0.755885430E-02
 0.711110840E-02 0.666967453E-02 0.624162983E-02 0.583606167E-02 0.546410913E-02
 0.513864495E-02 0.487342570E-02 0.468163425E-02 0.457397662E-02 0.455677183E-02
 0.463068252E-02 0.479057059E-02 0.502655283E-02 0.532581843E-02 0.567458803E-02
 0.605968991E-02 0.646954915E-02 0.689460803E-02 0.732735265E-02 0.776210427E-02
 0.819472224E-02 0.862228964E-02 0.904283673E-02 0.945510156E-02 0.985834841E-02
 0.102522168E-01 0.106366202E-01 0.110116592E-01 0.113775637E-01 0.117346486E-01
 0.120832827E-01 0.124238664E-01 0.127568142E-01 0.130825443E-01 0.134014683E-01
 0.137139903E-01 0.140204979E-01 0.143213654E-01 0.146169476E-01 0.149075827E-01
 0.151935909E-01 0.154752722E-01 0.157529116E-01 0.160267781E-01 0.162971206E-01
 0.153557546E-01 0.150533617E-01 0.147463810E-01 0.144345788E-01 0.141177243E-01
 0.137955900E-01 0.134679629E-01 0.131346527E-01 0.127954986E-01 0.124503896E-01
 0.120992772E-01 0.117422091E-01 0.113793528E-01 0.110110408E-01 0.106378254E-01
 0.102605363E-01 0.988037046E-02 0.949898083E-02 0.911859516E-02 0.874213688E-02
 0.837335270E-02 0.801692344E-02 0.767853158E-02 0.736483699E-02 0.708332239E-02
 0.684194593E-02 0.664859125E-02 0.651033362E-02 0.643262919E-02 0.641859230E-02
 0.646854332E-02 0.657996209E-02 0.674785487E-02 0.696543371E-02 0.722492253E-02
 0.751832081E-02 0.783799868E-02 0.817708857E-02 0.852967985E-02 0.889087003E-02
 0.925670750E-02 0.962409470E-02 0.999065861E-02 0.103546260E-01 0.107147079E-01
 0.110699981E-01 0.114198914E-01 0.117640104E-01 0.121021578E-01 0.124342656E-01
 0.127603645E-01 0.130805587E-01 0.133950021E-01 0.137038864E-01 0.140074259E-01
 0.143058514E-01 0.145993996E-01 0.148883117E-01 0.151728280E-01 0.154531840E-01
 0.157296099E-01 0.160023309E-01 0.162715595E-01 0.165375024E-01 0.168003570E-01
 0.159265343E-01 0.156372003E-01 0.153442556E-01 0.150475781E-01 0.147470683E-01
 0.144426450E-01 0.141342562E-01 0.138218924E-01 0.135055929E-01 0.131854685E-01
 0.128617138E-01 0.125346342E-01 0.122046750E-01 0.118724545E-01 0.115388017E-01
 0.112048108E-01 0.108718853E-01 0.105418041E-01 0.102167763E-01 0.989949703E-02
 0.959318969E-02 0.930162333E-02 0.902908761E-02 0.878030714E-02 0.856028032E-02
 0.837404188E-02 0.822633412E-02 0.812123809E-02 0.806180015E-02 0.804972369E-02
 0.808518194E-02 0.816679932E-02 0.829180330E-02 0.845630839E-02 0.865568314E-02
 0.888492633E-02 0.913900323E-02 0.941310730E-02 0.970284175E-02 0.100043137E-01
 0.103141768E-01 0.106296185E-01 0.109483255E-01 0.112684276E-01 0.115884412E-01
 0.119072096E-01 0.122238491E-01 0.125376992E-01 0.128482822E-01 0.131552676E-01
 0.134584382E-01 0.137576722E-01 0.140529191E-01 0.143441847E-01 0.146315163E-01
 0.149149960E-01 0.151947262E-01 0.154708289E-01 0.157434400E-01 0.160126984E-01
 0.162787531E-01 0.165417492E-01 0.168018360E-01 0.170591585E-01 0.173138604E-01
 0.165096670E-01 0.162338540E-01 0.159553681E-01 0.156741887E-01 0.153903207E-01
 0.151038012E-01 0.148147065E-01 0.145231625E-01 0.142293582E-01 0.139335562E-01
 0.136361122E-01 0.133374929E-01 0.130382981E-01 0.127392858E-01 0.124414014E-01
 0.121458042E-01 0.118539026E-01 0.115673793E-01 0.112882191E-01 0.110187232E-01
 0.107615124E-01 0.105195055E-01 0.102958744E-01 0.100939600E-01 0.991715118E-02
 0.976873003E-02 0.965168513E-02 0.956851523E-02 0.952104852E-02 0.951028988E-02
 0.953634176E-02 0.959839206E-02 0.969478395E-02 0.982315093E-02 0.998059288E-02
 0.101638762E-01 0.103696166E-01 0.105944499E-01 0.108351568E-01 0.110887541E-01
 0.113525502E-01 0.116241723E-01 0.119015649E-01 0.121829789E-01 0.124669494E-01
 0.127522638E-01 0.130379321E-01 0.133231590E-01 0.136073129E-01 0.138899032E-01
 0.141705545E-01 0.144489873E-01 0.147250015E-01 0.149984639E-01 0.152692916E-01
 0.155374445E-01 0.158029180E-01 0.160657335E-01 0.163259320E-01 0.165835731E-01
 0.168387275E-01 0.170914736E-01 0.173419006E-01 0.175900944E-01 0.178361498E-01
 0.171021521E-01 0.168400053E-01 0.165760573E-01 0.163103677E-01 0.160430223E-01
 0.157741476E-01 0.155039141E-01 0.152325444E-01 0.149603225E-01 0.146876099E-01
 0.144148534E-01 0.141426027E-01 0.138715217E-01 0.136024123E-01 0.133362245E-01
 0.130740767E-01 0.128172692E-01 0.125672966E-01 0.123258540E-01 0.120948339E-01
 0.118763121E-01 0.116725191E-01 0.114857946E-01 0.113185225E-01 0.111730499E-01
 0.110515840E-01 0.109560871E-01 0.108881695E-01 0.108489888E-01 0.108391754E-01
 0.108587937E-01 0.109073343E-01 0.109837502E-01 0.110865217E-01 0.112137562E-01
 0.113632875E-01 0.115327900E-01 0.117198797E-01 0.119221993E-01 0.121374875E-01
 0.123636303E-01 0.125986915E-01 0.128409341E-01 0.130888168E-01 0.133409975E-01
 0.135963196E-01 0.138537986E-01 0.141126029E-01 0.143720405E-01 0.146315405E-01
 0.148906372E-01 0.151489563E-01 0.154061988E-01 0.156621337E-01 0.159165859E-01
 0.161694232E-01 0.164205581E-01 0.166699290E-01 0.169175044E-01 0.171632729E-01
 0.174072403E-01 0.176494308E-01 0.178898722E-01 0.181286074E-01 0.183656830E-01
 0.177011620E-01 0.174525715E-01 0.172029641E-01 0.169524569E-01 0.167011991E-01
 0.164493825E-01 0.161972344E-01 0.159450397E-01 0.156931449E-01 0.154419551E-01
 0.151919629E-01 0.149437422E-01 0.146979652E-01 0.144554125E-01 0.142169800E-01
 0.139836883E-01 0.137566868E-01 0.135372579E-01 0.133268116E-01 0.131268743E-01
 0.129390769E-01 0.127651189E-01 0.126067400E-01 0.124656651E-01 0.123435566E-01
 0.122419428E-01 0.121621601E-01 0.121052880E-01 0.120720938E-01 0.120629948E-01
 0.120780328E-01 0.121168718E-01 0.121788178E-01 0.122628557E-01 0.123677012E-01
 0.124918586E-01 0.126336925E-01 0.127914846E-01 0.129634934E-01 0.131480051E-01
 0.133433733E-01 0.135480436E-01 0.137605807E-01 0.139796743E-01 0.142041445E-01
 0.144329453E-01 0.146651529E-01 0.148999654E-01 0.151366880E-01 0.153747285E-01
 0.156135820E-01 0.158528239E-01 0.160921030E-01 0.163311232E-01 0.165696479E-01
 0.168074854E-01 0.170444809E-01 0.172805153E-01 0.175154991E-01 0.177493673E-01
 0.179820731E-01 0.182135906E-01 0.184439030E-01 0.186730102E-01 0.189009197E-01
 0.183041245E-01 0.180687755E-01 0.178330988E-01 0.175972525E-01 0.173614267E-01
 0.171258524E-01 0.168907959E-01 0.166565757E-01 0.164235607E-01 0.161921792E-01
 0.159629267E-01 0.157363657E-01 0.155131426E-01 0.152939819E-01 0.150796957E-01
 0.148711875E-01 0.146694481E-01 0.144755552E-01 0.142906662E-01 0.141160069E-01
 0.139528532E-01 0.138025098E-01 0.136662805E-01 0.135454377E-01 0.134411817E-01
 0.133546004E-01 0.132866325E-01 0.132380277E-01 0.132093150E-01 0.132007804E-01
 0.132124508E-01 0.132440971E-01 0.132952435E-01 0.133651849E-01 0.134530216E-01
 0.135576949E-01 0.136780245E-01 0.138127524E-01 0.139605766E-01 0.141201913E-01
 0.142903104E-01 0.144696962E-01 0.146571761E-01 0.148516549E-01 0.150521221E-01
 0.152576556E-01 0.154674267E-01 0.156806912E-01 0.158967879E-01 0.161151402E-01
 0.163352415E-01 0.165566504E-01 0.167789869E-01 0.170019306E-01 0.172252022E-01
 0.174485724E-01 0.176718440E-01 0.178948566E-01 0.181174781E-01 0.183396004E-01
 0.185611397E-01 0.187820289E-01 0.190022178E-01 0.192216672E-01 0.194403529E-01
 0.189087503E-01 0.186861828E-01 0.184638780E-01 0.182420202E-01 0.180208255E-01
 0.178005453E-01 0.175814666E-01 0.173639189E-01 0.171482749E-01 0.169349592E-01
 0.167244487E-01 0.165172797E-01 0.163140427E-01 0.161153972E-01 0.159220621E-01
 0.157348197E-01 0.155545138E-01 0.153820412E-01 0.152183473E-01 0.150644127E-01
 0.149212433E-01 0.147898449E-01 0.146712111E-01 0.145662921E-01 0.144759743E-01
 0.144010512E-01 0.143421991E-01 0.142999552E-01 0.142746950E-01 0.142666204E-01
 0.142757520E-01 0.143019268E-01 0.143448059E-01 0.144038890E-01 0.144785261E-01
 0.145679489E-01 0.146712894E-01 0.147876078E-01 0.149159199E-01 0.150552187E-01
 0.152045004E-01 0.153627750E-01 0.155290905E-01 0.157025382E-01 0.158822648E-01
 0.160674751E-01 0.162574351E-01 0.164514799E-01 0.166489985E-01 0.168494508E-01
 0.170523468E-01 0.172572564E-01 0.174637940E-01 0.176716279E-01 0.178804640E-01
 0.180900488E-01 0.183001626E-01 0.185106173E-01 0.187212508E-01 0.189319290E-01
 0.191425346E-01 0.193529725E-01 0.195631627E-01 0.197730437E-01 0.199825596E-01
 0.195130482E-01 0.193027016E-01 0.190931112E-01 0.188844800E-01 0.186770372E-01
 0.184710380E-01 0.182667784E-01 0.180645809E-01 0.178648122E-01 0.176678747E-01
 0.174742192E-01 0.172843356E-01 0.170987621E-01 0.169180818E-01 0.167429205E-01
 0.165739544E-01 0.164118893E-01 0.162574723E-01 0.161114745E-01 0.159746855E-01
 0.158478990E-01 0.157319028E-01 0.156274568E-01 0.155352876E-01 0.154560599E-01
 0.153903663E-01 0.153387049E-01 0.153014697E-01 0.152789354E-01 0.152712483E-01
 0.152784241E-01 0.153003447E-01 0.153367631E-01 0.153873116E-01 0.154515132E-01
 0.155287953E-01 0.156185078E-01 0.157199390E-01 0.158323329E-01 0.159549061E-01
 0.160868671E-01 0.162274260E-01 0.163758062E-01 0.165312588E-01 0.166930649E-01
 0.168605447E-01 0.170330647E-01 0.172100328E-01 0.173909012E-01 0.175751727E-01
 0.177623909E-01 0.179521479E-01 0.181440692E-01 0.183378253E-01 0.185331218E-01
 0.187296942E-01 0.189273134E-01 0.191257745E-01 0.193249006E-01 0.195245352E-01
 0.197245423E-01 0.199248064E-01 0.201252289E-01 0.203257222E-01 0.205262136E-01
 0.201153215E-01 0.199165717E-01 0.197189860E-01 0.195227750E-01 0.193281677E-01
 0.191354230E-01 0.189448278E-01 0.187566932E-01 0.185713675E-01 0.183892287E-01
 0.182106849E-01 0.180361848E-01 0.178662054E-01 0.177012607E-01 0.175418928E-01
 0.173886735E-01 0.172422025E-01 0.171030965E-01 0.169719849E-01 0.168495085E-01
 0.167362969E-01 0.166329723E-01 0.165401287E-01 0.164583251E-01 0.163880717E-01
 0.163298156E-01 0.162839349E-01 0.162507240E-01 0.162303858E-01 0.162230339E-01
 0.162286777E-01 0.162472297E-01 0.162785053E-01 0.163222309E-01 0.163780451E-01
 0.164455157E-01 0.165241472E-01 0.166133903E-01 0.167126581E-01 0.168213379E-01
 0.169387963E-01 0.170643982E-01 0.171975102E-01 0.173375160E-01 0.174838118E-01
 0.176358223E-01 0.177929979E-01 0.179548208E-01 0.181208067E-01 0.182905067E-01
 0.184635036E-01 0.186394155E-01 0.188178904E-01 0.189986136E-01 0.191812925E-01
 0.193656720E-01 0.195515137E-01 0.197386108E-01 0.199267752E-01 0.201158412E-01
 0.203056615E-01 0.204961058E-01 0.206870586E-01 0.208784211E-01 0.210701041E-01
 0.207141526E-01 0.205263421E-01 0.203400273E-01 0.201554149E-01 0.199727360E-01
 0.197922364E-01 0.196141936E-01 0.194389001E-01 0.192666799E-01 0.190978814E-01
 0.189328734E-01 0.187720582E-01 0.186158568E-01 0.184647180E-01 0.183191076E-01
 0.181795135E-01 0.180464387E-01 0.179203954E-01 0.178019032E-01 0.176914781E-01
 0.175896306E-01 0.174968541E-01 0.174136180E-01 0.173403602E-01 0.172774736E-01
 0.172253083E-01 0.171841513E-01 0.171542298E-01 0.171356965E-01 0.171286408E-01
 0.171330664E-01 0.171489082E-01 0.171760265E-01 0.172142107E-01 0.172631890E-01
 0.173226222E-01 0.173921306E-01 0.174712837E-01 0.175596215E-01 0.176566523E-01
 0.177618731E-01 0.178747699E-01 0.179948211E-01 0.181215163E-01 0.182543527E-01
 0.183928404E-01 0.185365062E-01 0.186849032E-01 0.188376028E-01 0.189942066E-01
 0.191543344E-01 0.193176381E-01 0.194837935E-01 0.196525007E-01 0.198234841E-01
 0.199964941E-01 0.201712977E-01 0.203476902E-01 0.205254797E-01 0.207044967E-01
 0.208845902E-01 0.210656170E-01 0.212474577E-01 0.214299988E-01 0.216131452E-01
 0.213083755E-01 0.211308375E-01 0.209550578E-01 0.207812414E-01 0.206096042E-01
 0.204403866E-01 0.202738438E-01 0.201102532E-01 0.199499093E-01 0.197931286E-01
 0.196402445E-01 0.194916129E-01 0.193476044E-01 0.192086082E-01 0.190750249E-01
 0.189472698E-01 0.188257657E-01 0.187109429E-01 0.186032243E-01 0.185030364E-01
 0.184107926E-01 0.183268879E-01 0.182517003E-01 0.181855727E-01 0.181288179E-01
 0.180817079E-01 0.180444699E-01 0.180172771E-01 0.180002507E-01 0.179934576E-01
 0.179969016E-01 0.180105343E-01 0.180342477E-01 0.180678759E-01 0.181112085E-01
 0.181639809E-01 0.182258934E-01 0.182966050E-01 0.183757506E-01 0.184629373E-01
 0.185577571E-01 0.186597873E-01 0.187686048E-01 0.188837815E-01 0.190048963E-01
 0.191315319E-01 0.192632861E-01 0.193997696E-01 0.195406079E-01 0.196854454E-01
 0.198339466E-01 0.199857932E-01 0.201406889E-01 0.202983525E-01 0.204585306E-01
 0.206209812E-01 0.207854845E-01 0.209518392E-01 0.211198572E-01 0.212893691E-01
 0.214602202E-01 0.216322690E-01 0.218053851E-01 0.219794549E-01 0.221543722E-01
 0.218970422E-01 0.217291210E-01 0.215631630E-01 0.213993620E-01 0.212379284E-01
 0.210790820E-01 0.209230632E-01 0.207701270E-01 0.206205416E-01 0.204745904E-01
 0.203325767E-01 0.201948080E-01 0.200616140E-01 0.199333299E-01 0.198103022E-01
 0.196928829E-01 0.195814297E-01 0.194763020E-01 0.193778519E-01 0.192864295E-01
 0.192023739E-01 0.191260055E-01 0.190576278E-01 0.189975183E-01 0.189459249E-01
 0.189030673E-01 0.188691188E-01 0.188442208E-01 0.188284703E-01 0.188219156E-01
 0.188245643E-01 0.188363753E-01 0.188572630E-01 0.188871007E-01 0.189257171E-01
 0.189729091E-01 0.190284327E-01 0.190920159E-01 0.191633664E-01 0.192421656E-01
 0.193280783E-01 0.194207616E-01 0.195198618E-01 0.196250230E-01 0.197358876E-01
 0.198521074E-01 0.199733321E-01 0.200992264E-01 0.202294663E-01 0.203637350E-01
 0.205017328E-01 0.206431765E-01 0.207877923E-01 0.209353287E-01 0.210855454E-01
 0.212382190E-01 0.213931389E-01 0.215501133E-01 0.217089616E-01 0.218695160E-01
 0.220316257E-01 0.221951474E-01 0.223599542E-01 0.225259233E-01 0.226929486E-01
 0.224794094E-01 0.223204680E-01 0.221636444E-01 0.220091231E-01 0.218570977E-01
 0.217077788E-01 0.215613861E-01 0.214181487E-01 0.212783106E-01 0.211421307E-01
 0.210098736E-01 0.208818149E-01 0.207582377E-01 0.206394382E-01 0.205257107E-01
 0.204173587E-01 0.203146823E-01 0.202179849E-01 0.201275628E-01 0.200437028E-01
 0.199666861E-01 0.198967773E-01 0.198342185E-01 0.197792407E-01 0.197320413E-01
 0.196927935E-01 0.196616445E-01 0.196387004E-01 0.196240414E-01 0.196177065E-01
 0.196197014E-01 0.196299925E-01 0.196485147E-01 0.196751636E-01 0.197098050E-01
 0.197522715E-01 0.198023710E-01 0.198598839E-01 0.199245699E-01 0.199961662E-01
 0.200744029E-01 0.201589931E-01 0.202496424E-01 0.203460529E-01 0.204479229E-01
 0.205549523E-01 0.206668470E-01 0.207833108E-01 0.209040642E-01 0.210288260E-01
 0.211573336E-01 0.212893318E-01 0.214245748E-01 0.215628296E-01 0.217038784E-01
 0.218475126E-01 0.219935365E-01 0.221417658E-01 0.222920328E-01 0.224441737E-01
 0.225980412E-01 0.227534957E-01 0.229104105E-01 0.230686646E-01 0.232281499E-01
 0.230548941E-01 0.229043234E-01 0.227559842E-01 0.226100497E-01 0.224667005E-01
 0.223261286E-01 0.221885368E-01 0.220541339E-01 0.219231416E-01 0.217957869E-01
 0.216723066E-01 0.215529446E-01 0.214379486E-01 0.213275738E-01 0.212220773E-01
 0.211217161E-01 0.210267473E-01 0.209374260E-01 0.208540019E-01 0.207767151E-01
 0.207057968E-01 0.206414666E-01 0.205839258E-01 0.205333624E-01 0.204899367E-01
 0.204537902E-01 0.204250421E-01 0.204037800E-01 0.203900672E-01 0.203839354E-01
 0.203853901E-01 0.203944035E-01 0.204109233E-01 0.204348676E-01 0.204661246E-01
 0.205045603E-01 0.205500163E-01 0.206023138E-01 0.206612572E-01 0.207266305E-01
 0.207982063E-01 0.208757482E-01 0.209590085E-01 0.210477374E-01 0.211416781E-01
 0.212405752E-01 0.213441718E-01 0.214522183E-01 0.215644632E-01 0.216806643E-01
 0.218005888E-01 0.219240058E-01 0.220506955E-01 0.221804492E-01 0.223130658E-01
 0.224483516E-01 0.225861296E-01 0.227262229E-01 0.228684731E-01 0.230127275E-01
 0.231588427E-01 0.233066846E-01 0.234561283E-01 0.236070566E-01 0.237593614E-01
 0.236230604E-01 0.234802850E-01 0.233398210E-01 0.232018270E-01 0.230664741E-01
 0.229339376E-01 0.228043981E-01 0.226780511E-01 0.225550905E-01 0.224357229E-01
 0.223201569E-01 0.222086068E-01 0.221012905E-01 0.219984297E-01 0.219002478E-01
 0.218069628E-01 0.217187963E-01 0.216359645E-01 0.215586778E-01 0.214871410E-01
 0.214215443E-01 0.213620719E-01 0.213088915E-01 0.212621558E-01 0.212220009E-01
 0.211885422E-01 0.211618748E-01 0.211420730E-01 0.211291891E-01 0.211232472E-01
 0.211242512E-01 0.211321823E-01 0.211469959E-01 0.211686231E-01 0.211969763E-01
 0.212319419E-01 0.212733932E-01 0.213211812E-01 0.213751420E-01 0.214350987E-01
 0.215008613E-01 0.215722304E-01 0.216489993E-01 0.217309538E-01 0.218178742E-01
 0.219095442E-01 0.220057424E-01 0.221062507E-01 0.222108494E-01 0.223193280E-01
 0.224314760E-01 0.225470904E-01 0.226659756E-01 0.227879416E-01 0.229128022E-01
 0.230403859E-01 0.231705215E-01 0.233030543E-01 0.234378278E-01 0.235747024E-01
 0.237135384E-01 0.238542110E-01 0.239965972E-01 0.241405852E-01 0.242860671E-01
 0.241835881E-01 0.240480676E-01 0.239149109E-01 0.237842631E-01 0.236562826E-01
 0.235311277E-01 0.234089661E-01 0.232899711E-01 0.231743194E-01 0.230621956E-01
 0.229537822E-01 0.228492692E-01 0.227488484E-01 0.226527136E-01 0.225610565E-01
 0.224740673E-01 0.223919358E-01 0.223148447E-01 0.222429745E-01 0.221764967E-01
 0.221155751E-01 0.220603626E-01 0.220109988E-01 0.219676103E-01 0.219303127E-01
 0.218991991E-01 0.218743514E-01 0.218558293E-01 0.218436755E-01 0.218379106E-01
 0.218385402E-01 0.218455475E-01 0.218588933E-01 0.218785238E-01 0.219043642E-01
 0.219363235E-01 0.219742954E-01 0.220181551E-01 0.220677666E-01 0.221229829E-01
 0.221836418E-01 0.222495757E-01 0.223206114E-01 0.223965626E-01 0.224772450E-01
 0.225624721E-01 0.226520486E-01 0.227457881E-01 0.228434987E-01 0.229449943E-01
 0.230500884E-01 0.231586006E-01 0.232703537E-01 0.233851783E-01 0.235029068E-01
 0.236233789E-01 0.237464420E-01 0.238719471E-01 0.239997543E-01 0.241297297E-01
 0.242617410E-01 0.243956726E-01 0.245314036E-01 0.246688277E-01 0.248078424E-01
 0.247362591E-01 0.246074907E-01 0.244811121E-01 0.243572630E-01 0.242360830E-01
 0.241177175E-01 0.240023229E-01 0.238900501E-01 0.237810612E-01 0.236755181E-01
 0.235735867E-01 0.234754328E-01 0.233812258E-01 0.232911315E-01 0.232053213E-01
 0.231239572E-01 0.230472032E-01 0.229752176E-01 0.229081530E-01 0.228461549E-01
 0.227893647E-01 0.227379091E-01 0.226919074E-01 0.226514675E-01 0.226166826E-01
 0.225876346E-01 0.225643888E-01 0.225469954E-01 0.225354917E-01 0.225298963E-01
 0.225302111E-01 0.225364212E-01 0.225484986E-01 0.225663949E-01 0.225900486E-01
 0.226193853E-01 0.226543136E-01 0.226947330E-01 0.227405243E-01 0.227915645E-01
 0.228477195E-01 0.229088459E-01 0.229747910E-01 0.230454020E-01 0.231205188E-01
 0.231999774E-01 0.232836120E-01 0.233712569E-01 0.234627463E-01 0.235579126E-01
 0.236565955E-01 0.237586312E-01 0.238638613E-01 0.239721332E-01 0.240832958E-01
 0.241972040E-01 0.243137162E-01 0.244326964E-01 0.245540123E-01 0.246775411E-01
 0.248031598E-01 0.249307565E-01 0.250602197E-01 0.251914468E-01 0.253243372E-01
 0.252809338E-01 0.251584500E-01 0.250383671E-01 0.249208100E-01 0.248059090E-01
 0.246937983E-01 0.245846156E-01 0.244785007E-01 0.243755970E-01 0.242760498E-01
 0.241800062E-01 0.240876153E-01 0.239990223E-01 0.239143763E-01 0.238338225E-01
 0.237575062E-01 0.236855671E-01 0.236181431E-01 0.235553645E-01 0.234973561E-01
 0.234442372E-01 0.233961158E-01 0.233530961E-01 0.233152676E-01 0.232827086E-01
 0.232554879E-01 0.232336633E-01 0.232172757E-01 0.232063551E-01 0.232009180E-01
 0.232009664E-01 0.232064892E-01 0.232174601E-01 0.232338421E-01 0.232555810E-01
 0.232826155E-01 0.233148690E-01 0.233522523E-01 0.233946703E-01 0.234420169E-01
 0.234941766E-01 0.235510245E-01 0.236124359E-01 0.236782767E-01 0.237484053E-01
 0.238226838E-01 0.239009652E-01 0.239831060E-01 0.240689609E-01 0.241583809E-01
 0.242512226E-01 0.243473426E-01 0.244465992E-01 0.245488528E-01 0.246539675E-01
 0.247618090E-01 0.248722527E-01 0.249851700E-01 0.251004398E-01 0.252179485E-01
 0.253375825E-01 0.254592318E-01 0.255827978E-01 0.257081762E-01 0.258352757E-01
 0.258175451E-01 0.257009137E-01 0.255866759E-01 0.254749488E-01 0.253658518E-01
 0.252595078E-01 0.251560397E-01 0.250555743E-01 0.249582417E-01 0.248641688E-01
 0.247734897E-01 0.246863347E-01 0.246028323E-01 0.245231148E-01 0.244473089E-01
 0.243755393E-01 0.243079308E-01 0.242445990E-01 0.241856594E-01 0.241312198E-01
 0.240813829E-01 0.240362398E-01 0.239958782E-01 0.239603762E-01 0.239298008E-01
 0.239042100E-01 0.238836538E-01 0.238681640E-01 0.238577705E-01 0.238524843E-01
 0.238523092E-01 0.238572340E-01 0.238672365E-01 0.238822866E-01 0.239023399E-01
 0.239273421E-01 0.239572264E-01 0.239919219E-01 0.240313467E-01 0.240754057E-01
 0.241240039E-01 0.241770335E-01 0.242343862E-01 0.242959447E-01 0.243615918E-01
 0.244312007E-01 0.245046467E-01 0.245818011E-01 0.246625394E-01 0.247467272E-01
 0.248342399E-01 0.249249469E-01 0.250187200E-01 0.251154378E-01 0.252149738E-01
 0.253172088E-01 0.254220255E-01 0.255293101E-01 0.256389473E-01 0.257508326E-01
 0.258648619E-01 0.259809326E-01 0.260989480E-01 0.262188166E-01 0.263404455E-01
 0.263460763E-01 0.262348950E-01 0.261260923E-01 0.260197725E-01 0.259160474E-01
 0.258150268E-01 0.257168245E-01 0.256215539E-01 0.255293287E-01 0.254402701E-01
 0.253544897E-01 0.252721049E-01 0.251932349E-01 0.251179896E-01 0.250464845E-01
 0.249788277E-01 0.249151289E-01 0.248554870E-01 0.248000044E-01 0.247487724E-01
 0.247018803E-01 0.246594083E-01 0.246214308E-01 0.245880131E-01 0.245592147E-01
 0.245350860E-01 0.245156661E-01 0.245009884E-01 0.244910717E-01 0.244859289E-01
 0.244855639E-01 0.244899653E-01 0.244991165E-01 0.245129913E-01 0.245315507E-01
 0.245547481E-01 0.245825294E-01 0.246148314E-01 0.246515833E-01 0.246927068E-01
 0.247381162E-01 0.247877203E-01 0.248414259E-01 0.248991307E-01 0.249607302E-01
 0.250261165E-01 0.250951797E-01 0.251678079E-01 0.252438877E-01 0.253233016E-01
 0.254059378E-01 0.254916828E-01 0.255804192E-01 0.256720353E-01 0.257664211E-01
 0.258634668E-01 0.259630643E-01 0.260651093E-01 0.261694975E-01 0.262761302E-01
 0.263849124E-01 0.264957473E-01 0.266085435E-01 0.267232172E-01 0.268396791E-01
 0.268665515E-01 0.267604534E-01 0.266567059E-01 0.265554097E-01 0.264566634E-01
 0.263605677E-01 0.262672231E-01 0.261767358E-01 0.260892101E-01 0.260047466E-01
 0.259234514E-01 0.258454308E-01 0.257707834E-01 0.256996136E-01 0.256320182E-01
 0.255680941E-01 0.255079381E-01 0.254516359E-01 0.253992788E-01 0.253509432E-01
 0.253067072E-01 0.252666418E-01 0.252308100E-01 0.251992717E-01 0.251720734E-01
 0.251492616E-01 0.251308680E-01 0.251169223E-01 0.251074433E-01 0.251024384E-01
 0.251019113E-01 0.251058545E-01 0.251142532E-01 0.251270831E-01 0.251443125E-01
 0.251659025E-01 0.251918044E-01 0.252219662E-01 0.252563227E-01 0.252948105E-01
 0.253373533E-01 0.253838748E-01 0.254342891E-01 0.254885107E-01 0.255464464E-01
 0.256080031E-01 0.256730821E-01 0.257415865E-01 0.258134138E-01 0.258884616E-01
 0.259666294E-01 0.260478146E-01 0.261319131E-01 0.262188241E-01 0.263084490E-01
 0.264006853E-01 0.264954362E-01 0.265926048E-01 0.266920980E-01 0.267938226E-01
 0.268976893E-01 0.270036105E-01 0.271115005E-01 0.272212792E-01 0.273328647E-01
 0.273790341E-01 0.272776801E-01 0.271786433E-01 0.270820167E-01 0.269878898E-01
 0.268963538E-01 0.268075038E-01 0.267214309E-01 0.266382303E-01 0.265579950E-01
 0.264808200E-01 0.264067948E-01 0.263360124E-01 0.262685642E-01 0.262045357E-01
 0.261440128E-01 0.260870773E-01 0.260338113E-01 0.259842891E-01 0.259385798E-01
 0.258967504E-01 0.258588642E-01 0.258249752E-01 0.257951356E-01 0.257693864E-01
 0.257477649E-01 0.257303044E-01 0.257170238E-01 0.257079434E-01 0.257030707E-01
 0.257024076E-01 0.257059466E-01 0.257136766E-01 0.257255752E-01 0.257416163E-01
 0.257617664E-01 0.257859826E-01 0.258142203E-01 0.258464236E-01 0.258825365E-01
 0.259224921E-01 0.259662252E-01 0.260136612E-01 0.260647237E-01 0.261193309E-01
 0.261774026E-01 0.262388494E-01 0.263035875E-01 0.263715237E-01 0.264425687E-01
 0.265166312E-01 0.265936200E-01 0.266734418E-01 0.267560072E-01 0.268412214E-01
 0.269289948E-01 0.270192400E-01 0.271118693E-01 0.272067916E-01 0.273039266E-01
 0.274031889E-01 0.275044981E-01 0.276077744E-01 0.277129412E-01 0.278199222E-01
 0.278836135E-01 0.277866907E-01 0.276920479E-01 0.275997669E-01 0.275099333E-01
 0.274226293E-01 0.273379404E-01 0.272559505E-01 0.271767434E-01 0.271004047E-01
 0.270270184E-01 0.269566663E-01 0.268894304E-01 0.268253908E-01 0.267646257E-01
 0.267072096E-01 0.266532172E-01 0.266027171E-01 0.265557766E-01 0.265124571E-01
 0.264728181E-01 0.264369138E-01 0.264047887E-01 0.263764914E-01 0.263520591E-01
 0.263315234E-01 0.263149086E-01 0.263022389E-01 0.262935273E-01 0.262887795E-01
 0.262880009E-01 0.262911823E-01 0.262983143E-01 0.263093803E-01 0.263243560E-01
 0.263432097E-01 0.263659079E-01 0.263924096E-01 0.264226682E-01 0.264566317E-01
 0.264942460E-01 0.265354514E-01 0.265801810E-01 0.266283695E-01 0.266799442E-01
 0.267348345E-01 0.267929602E-01 0.268542487E-01 0.269186161E-01 0.269859824E-01
 0.270562675E-01 0.271293875E-01 0.272052586E-01 0.272837989E-01 0.273649246E-01
 0.274485536E-01 0.275346059E-01 0.276229996E-01 0.277136564E-01 0.278064944E-01
 0.279014409E-01 0.279984176E-01 0.280973539E-01 0.281981733E-01 0.283008087E-01
 0.283804014E-01 0.282876212E-01 0.281970799E-01 0.281088520E-01 0.280230138E-01
 0.279396418E-01 0.278588142E-01 0.277806055E-01 0.277050938E-01 0.276323538E-01
 0.275624637E-01 0.274954941E-01 0.274315216E-01 0.273706131E-01 0.273128431E-01
 0.272582769E-01 0.272069778E-01 0.271590091E-01 0.271144286E-01 0.270732921E-01
 0.270356517E-01 0.270015523E-01 0.269710403E-01 0.269441511E-01 0.269209184E-01
 0.269013718E-01 0.268855337E-01 0.268734228E-01 0.268650521E-01 0.268604252E-01
 0.268595479E-01 0.268624127E-01 0.268690102E-01 0.268793255E-01 0.268933401E-01
 0.269110259E-01 0.269323513E-01 0.269572809E-01 0.269857757E-01 0.270177908E-01
 0.270532761E-01 0.270921774E-01 0.271344427E-01 0.271800067E-01 0.272288118E-01
 0.272807889E-01 0.273358729E-01 0.273939949E-01 0.274550803E-01 0.275190603E-01
 0.275858585E-01 0.276554041E-01 0.277276170E-01 0.278024264E-01 0.278797559E-01
 0.279595312E-01 0.280416775E-01 0.281261187E-01 0.282127839E-01 0.283016004E-01
 0.283924975E-01 0.284854043E-01 0.285802539E-01 0.286769774E-01 0.287755094E-01
 0.288695227E-01 0.287806205E-01 0.286939126E-01 0.286094677E-01 0.285273548E-01
 0.284476429E-01 0.283704046E-01 0.282957051E-01 0.282236189E-01 0.281542111E-01
 0.280875526E-01 0.280237067E-01 0.279627424E-01 0.279047210E-01 0.278497059E-01
 0.277977586E-01 0.277489331E-01 0.277032871E-01 0.276608709E-01 0.276217368E-01
 0.275859255E-01 0.275534820E-01 0.275244433E-01 0.274988431E-01 0.274767112E-01
 0.274580717E-01 0.274429470E-01 0.274313502E-01 0.274232943E-01 0.274187848E-01
 0.274178237E-01 0.274204053E-01 0.274265241E-01 0.274361633E-01 0.274493080E-01
 0.274659339E-01 0.274860151E-01 0.275095180E-01 0.275364090E-01 0.275666472E-01
 0.276001915E-01 0.276369918E-01 0.276770014E-01 0.277201664E-01 0.277664308E-01
 0.278157368E-01 0.278680231E-01 0.279232301E-01 0.279812925E-01 0.280421451E-01
 0.281057227E-01 0.281719584E-01 0.282407813E-01 0.283121280E-01 0.283859260E-01
 0.284621101E-01 0.285406113E-01 0.286213607E-01 0.287042912E-01 0.287893377E-01
 0.288764331E-01 0.289655142E-01 0.290565155E-01 0.291493740E-01 0.292440299E-01
 0.293511152E-01 0.292658508E-01 0.291827302E-01 0.291018207E-01 0.290231854E-01
 0.289468858E-01 0.288729873E-01 0.288015548E-01 0.287326481E-01 0.286663324E-01
 0.286026672E-01 0.285417121E-01 0.284835286E-01 0.284281746E-01 0.283757020E-01
 0.283261668E-01 0.282796212E-01 0.282361135E-01 0.281956904E-01 0.281583946E-01
 0.281242654E-01 0.280933417E-01 0.280656572E-01 0.280412417E-01 0.280201212E-01
 0.280023161E-01 0.279878471E-01 0.279767271E-01 0.279689655E-01 0.279645678E-01
 0.279635359E-01 0.279658660E-01 0.279715508E-01 0.279805791E-01 0.279929359E-01
 0.280085988E-01 0.280275438E-01 0.280497465E-01 0.280751735E-01 0.281037893E-01
 0.281355567E-01 0.281704348E-01 0.282083768E-01 0.282493383E-01 0.282932688E-01
 0.283401161E-01 0.283898283E-01 0.284423456E-01 0.284976158E-01 0.285555776E-01
 0.286161695E-01 0.286793355E-01 0.287450105E-01 0.288131349E-01 0.288836453E-01
 0.289564803E-01 0.290315766E-01 0.291088708E-01 0.291883051E-01 0.292698145E-01
 0.293533392E-01 0.294388197E-01 0.295261946E-01 0.296154097E-01 0.297064018E-01
 0.298253316E-01 0.297434777E-01 0.296637211E-01 0.295861196E-01 0.295107346E-01
 0.294376202E-01 0.293668397E-01 0.292984471E-01 0.292325001E-01 0.291690566E-01
 0.291081723E-01 0.290498994E-01 0.289942939E-01 0.289414059E-01 0.288912877E-01
 0.288439840E-01 0.287995432E-01 0.287580080E-01 0.287194215E-01 0.286838226E-01
 0.286512449E-01 0.286217220E-01 0.285952855E-01 0.285719614E-01 0.285517722E-01
 0.285347383E-01 0.285208747E-01 0.285101961E-01 0.285027102E-01 0.284984205E-01
 0.284973290E-01 0.284994338E-01 0.285047274E-01 0.285132006E-01 0.285248384E-01
 0.285396222E-01 0.285575334E-01 0.285785459E-01 0.286026336E-01 0.286297631E-01
 0.286599007E-01 0.286930110E-01 0.287290551E-01 0.287679881E-01 0.288097691E-01
 0.288543478E-01 0.289016813E-01 0.289517138E-01 0.290043987E-01 0.290596802E-01
 0.291175041E-01 0.291778184E-01 0.292405654E-01 0.293056872E-01 0.293731317E-01
 0.294428375E-01 0.295147486E-01 0.295888092E-01 0.296649616E-01 0.297431499E-01
 0.298233163E-01 0.299054068E-01 0.299893655E-01 0.300751366E-01 0.301626697E-01
 0.119312680E+01 0.121388888E+01 0.122827840E+01 0.124587393E+01 0.126436126E+01
 0.128337216E+01 0.130287063E+01 0.132304168E+01 0.134449148E+01 0.136588192E+01
 0.138753533E+01 0.140990734E+01 0.143340290E+01 0.145768428E+01 0.148236597E+01
 0.150766265E+01 0.153444576E+01 0.156168878E+01 0.158984578E+01 0.161889410E+01
 0.164878786E+01 0.168005502E+01 0.171214151E+01 0.174524224E+01 0.177949452E+01
 0.181510007E+01 0.185188401E+01 0.188998723E+01 0.192946303E+01 0.197036386E+01
 0.201282883E+01 0.205688477E+01 0.210271287E+01 0.215025759E+01 0.219962978E+01
 0.225105548E+01 0.230458736E+01 0.236045027E+01 0.241857028E+01 0.247912526E+01
 0.254244542E+01 0.260865951E+01 0.267796755E+01 0.275024796E+01 0.282603669E+01
 0.290584517E+01 0.298956585E+01 0.307736468E+01 0.316978192E+01 0.326766634E+01
 0.337061167E+01 0.347941518E+01 0.359523273E+01 0.371839714E+01 0.384953642E+01
 0.399107814E+01 0.414201641E+01 0.430616665E+01 0.448545265E+01 0.468266439E+01
 0.490653849E+01 0.516443443E+01 0.547566128E+01 0.592595959E+01 0.786430120E+01
   86   86
 0.109529531E+01 0.000000000E+00 0.109972072E+01 0.100000001E+00 0.110562503E+01
 0.177983016E+00 0.111232901E+01 0.250000000E+00 0.112480319E+01 0.349999994E+00
 0.113348031E+01 0.400000006E+00 0.115549743E+01 0.500000000E+00 0.117004406E+01
 0.550000012E+00 0.118696034E+01 0.600000024E+00 0.121187496E+01 0.664239943E+00
 0.123843753E+01 0.720303535E+00 0.126499999E+01 0.766899705E+00 0.129156256E+01
 0.805239499E+00 0.133221591E+01 0.850000024E+00 0.137125003E+01 0.882064104E+00
 0.140200782E+01 0.899999976E+00 0.145093751E+01 0.920982897E+00 0.150406253E+01
 0.931083202E+00 0.155718756E+01 0.931820333E+00 0.161031246E+01 0.924365044E+00
 0.166343749E+01 0.908505380E+00 0.169000006E+01 0.896970451E+00 0.174312496E+01
 0.871402979E+00 0.177772141E+01 0.850000024E+00 0.182281256E+01 0.819589555E+00
 0.184937501E+01 0.798679888E+00 0.190250003E+01 0.755107403E+00 0.192906249E+01
 0.730520368E+00 0.195972931E+01 0.699999988E+00 0.200486255E+01 0.649999976E+00
 0.203531241E+01 0.613668323E+00 0.206187510E+01 0.578107357E+00 0.208843756E+01
 0.538892150E+00 0.211500001E+01 0.495484918E+00 0.214156246E+01 0.447097898E+00
 0.216812491E+01 0.392731547E+00 0.219468760E+01 0.331026822E+00 0.222125006E+01
 0.259492487E+00 0.223917079E+01 0.200000003E+00 0.225155973E+01 0.150000006E+00
 0.226513314E+01 0.500000007E-01 0.226330066E+01-0.500000007E-01 0.224781251E+01
-0.136200815E+00 0.222976851E+01-0.200000003E+00 0.221087527E+01-0.250000000E+00
 0.218863702E+01-0.300000012E+00 0.216319871E+01-0.349999994E+00 0.213445663E+01
-0.400000006E+00 0.210217690E+01-0.449999988E+00 0.206608248E+01-0.500000000E+00
 0.203531241E+01-0.538072765E+00 0.200874996E+01-0.569341779E+00 0.198081326E+01
-0.600000024E+00 0.193412721E+01-0.649999976E+00 0.190250003E+01-0.682234883E+00
 0.187593746E+01-0.708603680E+00 0.183233142E+01-0.750000000E+00 0.179624999E+01
-0.784699082E+00 0.176968753E+01-0.809790075E+00 0.172543967E+01-0.850000024E+00
 0.169000006E+01-0.883684993E+00 0.166343749E+01-0.908328474E+00 0.161687207E+01
-0.949999988E+00 0.158375001E+01-0.982068360E+00 0.155718756E+01-0.100650644E+01
 0.150767958E+01-0.104999995E+01 0.147663939E+01-0.108039534E+01 0.144921625E+01
-0.110461140E+01 0.141947138E+01-0.104999995E+01 0.139145970E+01-0.100000000E+01
 0.136417460E+01-0.949999988E+00 0.133750451E+01-0.899999976E+00 0.131155670E+01
-0.850000024E+00 0.128651369E+01-0.800000012E+00 0.126262486E+01-0.750000000E+00
 0.123843753E+01-0.695525110E+00 0.121187496E+01-0.633096933E+00 0.118531251E+01
-0.564116299E+00 0.116387355E+01-0.500000000E+00 0.114882445E+01-0.449999988E+00
 0.113218749E+01-0.384064227E+00 0.111513972E+01-0.300000012E+00 0.110562503E+01
-0.232900128E+00 0.109764516E+01-0.150000006E+00 0.109465599E+01-0.500000007E-01
 0.109529531E+01 0.000000000E+00
 0.101600003E+01 0.000000000E+00 0.101600003E+01 0.963999987E+00 0.101600003E+01
 0.967999995E+00 0.101600003E+01 0.100100005E+01 0.101600003E+01 0.101900005E+01
 0.101600003E+01 0.107700002E+01 0.101600003E+01 0.107000005E+01 0.101600003E+01
 0.109599996E+01 0.101600003E+01 0.111300004E+01 0.101600003E+01 0.113800001E+01
 0.101600003E+01 0.114699996E+01 0.101199996E+01 0.116499996E+01 0.100100005E+01
 0.121700001E+01 0.102900004E+01 0.121700001E+01 0.104200006E+01 0.116240001E+01
 0.104600000E+01 0.116237998E+01 0.105599999E+01 0.116260004E+01 0.109700000E+01
 0.116450000E+01 0.110800004E+01 0.116594005E+01 0.111600006E+01 0.116591001E+01
 0.113399994E+01 0.116895998E+01 0.114800000E+01 0.117174995E+01 0.116199994E+01
 0.117556000E+01 0.118099999E+01 0.118299997E+01 0.118200004E+01 0.118350005E+01
 0.118499994E+01 0.118499994E+01 0.119000006E+01 0.118799996E+01 0.119500005E+01
 0.119099998E+01 0.120099998E+01 0.119599998E+01 0.120899999E+01 0.120200002E+01
 0.121500003E+01 0.120799994E+01 0.122200000E+01 0.121399999E+01 0.122800004E+01
 0.122099996E+01 0.123399997E+01 0.123099995E+01 0.123899996E+01 0.123800004E+01
 0.124199998E+01 0.124399996E+01 0.124800003E+01 0.125399995E+01 0.125800002E+01
 0.127800000E+01 0.126300001E+01 0.128999996E+01 0.127999997E+01 0.133099997E+01
 0.127999997E+01 0.134700000E+01 0.127999997E+01 0.134800005E+01 0.130999994E+01
 0.134800005E+01 0.132799995E+01 0.134800005E+01 0.136099994E+01 0.134800005E+01
 0.138000000E+01 0.134800005E+01 0.141900003E+01 0.134800005E+01 0.141900003E+01
 0.130999994E+01 0.137199998E+01 0.130999994E+01 0.137199998E+01 0.129200006E+01
 0.160800004E+01 0.109500003E+01 0.164699996E+01 0.107700002E+01 0.178499997E+01
 0.107700002E+01 0.206999993E+01 0.103999996E+01 0.212800002E+01 0.992999971E+00
 0.224499989E+01 0.708999991E+00 0.232299995E+01 0.518999994E+00 0.237700009E+01
 0.388999999E+00 0.236249995E+01 0.400000006E+00 0.236443496E+01 0.222000003E+00
 0.236496902E+01 0.133000001E+00 0.236532402E+01 0.439999998E-01 0.236512089E+01
-0.439999998E-01 0.236484194E+01-0.133000001E+00 0.236433411E+01-0.222000003E+00
 0.236249995E+01-0.400000006E+00 0.237700009E+01-0.388999999E+00 0.213400006E+01
-0.972999990E+00 0.178600001E+01-0.117400002E+01 0.176800001E+01-0.121099997E+01
 0.176800001E+01-0.125000000E+01 0.168200004E+01-0.125000000E+01 0.137199998E+01
-0.125000000E+01 0.137199998E+01-0.132900000E+01 0.141999996E+01-0.132900000E+01
 0.141999996E+01-0.136300004E+01 0.127300000E+01-0.136300004E+01 0.115300000E+01
-0.136300004E+01 0.101600003E+01-0.122300005E+01 0.101600003E+01-0.122300005E+01
 0.101600003E+01-0.829999983E+00 0.101600003E+01-0.800000012E+00 0.101600003E+01
-0.414999992E+00 0.101600003E+01-0.400000006E+00 0.101600003E+01-0.100000005E-02
 0.101600003E+01 0.000000000E+00
