  EFITD    01/21/2000    #144977  3001ms           7  65  65
 0.170000005E+01 0.320000005E+01 0.169550002E+01 0.839999974E+00 0.000000000E+00
 0.174582100E+01 0.243942421E-01-0.320982188E+00-0.825211704E-01-0.210940409E+01
 0.996558625E+06-0.320982188E+00 0.000000000E+00 0.174582100E+01 0.000000000E+00
 0.243942421E-01 0.000000000E+00-0.825211704E-01 0.000000000E+00 0.000000000E+00
-0.362038136E+01-0.361809707E+01-0.361589241E+01-0.361376643E+01-0.361171746E+01
-0.360974407E+01-0.360784531E+01-0.360601974E+01-0.360426593E+01-0.360258222E+01
-0.360096765E+01-0.359942079E+01-0.359793997E+01-0.359652400E+01-0.359517145E+01
-0.359388113E+01-0.359265113E+01-0.359148049E+01-0.359036779E+01-0.358931136E+01
-0.358830976E+01-0.358736181E+01-0.358646584E+01-0.358562040E+01-0.358482432E+01
-0.358407593E+01-0.358337402E+01-0.358271670E+01-0.358210301E+01-0.358153105E+01
-0.358099961E+01-0.358050704E+01-0.358005238E+01-0.357963347E+01-0.357924938E+01
-0.357889819E+01-0.357857895E+01-0.357828975E+01-0.357802916E+01-0.357779598E+01
-0.357758856E+01-0.357740545E+01-0.357724524E+01-0.357710624E+01-0.357698703E+01
-0.357688642E+01-0.357680249E+01-0.357673407E+01-0.357667971E+01-0.357663774E+01
-0.357660651E+01-0.357658505E+01-0.357657146E+01-0.357656455E+01-0.357656264E+01
-0.357656431E+01-0.357656789E+01-0.357657218E+01-0.357657552E+01-0.357657671E+01
-0.357657385E+01-0.357656574E+01-0.357655096E+01-0.357652760E+01-0.357649469E+01
 0.618967500E+05 0.606127422E+05 0.593387930E+05 0.580749023E+05 0.568210703E+05
 0.555772969E+05 0.543435859E+05 0.531199336E+05 0.519063398E+05 0.507028047E+05
 0.495093320E+05 0.483259141E+05 0.471525586E+05 0.459892617E+05 0.448360273E+05
 0.436928477E+05 0.425597305E+05 0.414366719E+05 0.403236758E+05 0.392207344E+05
 0.381278555E+05 0.370450352E+05 0.359722734E+05 0.349095703E+05 0.338569297E+05
 0.328143477E+05 0.317818242E+05 0.307593594E+05 0.297469551E+05 0.287446113E+05
 0.277523242E+05 0.267700996E+05 0.257979336E+05 0.248358262E+05 0.238837773E+05
 0.229417891E+05 0.220098613E+05 0.210879922E+05 0.201761816E+05 0.192744316E+05
 0.183827422E+05 0.175011094E+05 0.166295391E+05 0.157680254E+05 0.149165732E+05
 0.140751797E+05 0.132438447E+05 0.124225703E+05 0.116113555E+05 0.108102002E+05
 0.100191035E+05 0.923806738E+04 0.846708984E+04 0.770617188E+04 0.695531348E+04
 0.621451465E+04 0.548377490E+04 0.476309521E+04 0.405247461E+04 0.335191357E+04
 0.266141187E+04 0.198096973E+04 0.131058704E+04 0.650263794E+03 0.000000000E+00
-0.225865889E+01-0.217913318E+01-0.210102987E+01-0.202434897E+01-0.194909060E+01
-0.187525475E+01-0.180284131E+01-0.173185039E+01-0.166228187E+01-0.159413576E+01
-0.152741218E+01-0.146211100E+01-0.139823234E+01-0.133577609E+01-0.127474236E+01
-0.121513104E+01-0.115694225E+01-0.110017586E+01-0.104483187E+01-0.990910411E+00
-0.938411355E+00-0.887334824E+00-0.837680697E+00-0.789449036E+00-0.742639840E+00
-0.697253108E+00-0.653288841E+00-0.610747039E+00-0.569627643E+00-0.529930770E+00
-0.491656303E+00-0.454804331E+00-0.419374794E+00-0.385367721E+00-0.352783114E+00
-0.321620941E+00-0.291881263E+00-0.263564020E+00-0.236669227E+00-0.211196899E+00
-0.187147036E+00-0.164519623E+00-0.143314674E+00-0.123532176E+00-0.105172142E+00
-0.882345662E-01-0.727194399E-01-0.586267784E-01-0.459565744E-01-0.347088240E-01
-0.248835348E-01-0.164807029E-01-0.950032752E-02-0.394241093E-02 0.193048283E-03
 0.290604960E-02 0.419659307E-02 0.406467915E-02 0.251030712E-02-0.466522441E-03
-0.486580981E-02-0.106875552E-01-0.179317575E-01-0.265984181E-01-0.366875380E-01
-0.345962312E+06-0.343262500E+06-0.340562656E+06-0.337862812E+06-0.335162969E+06
-0.332463156E+06-0.329763312E+06-0.327063469E+06-0.324363656E+06-0.321663812E+06
-0.318963969E+06-0.316264125E+06-0.313564312E+06-0.310864469E+06-0.308164625E+06
-0.305464812E+06-0.302764969E+06-0.300065125E+06-0.297365281E+06-0.294665469E+06
-0.291965625E+06-0.289265781E+06-0.286565938E+06-0.283866125E+06-0.281166281E+06
-0.278466438E+06-0.275766625E+06-0.273066781E+06-0.270366938E+06-0.267667094E+06
-0.264967281E+06-0.262267438E+06-0.259567594E+06-0.256867766E+06-0.254167938E+06
-0.251468094E+06-0.248768266E+06-0.246068422E+06-0.243368594E+06-0.240668750E+06
-0.237968922E+06-0.235269078E+06-0.232569250E+06-0.229869406E+06-0.227169578E+06
-0.224469750E+06-0.221769906E+06-0.219070078E+06-0.216370234E+06-0.213670406E+06
-0.210970562E+06-0.208270734E+06-0.205570891E+06-0.202871062E+06-0.200171234E+06
-0.197471391E+06-0.194771562E+06-0.192071719E+06-0.189371891E+06-0.186672047E+06
-0.183972219E+06-0.181272375E+06-0.178572547E+06-0.175872719E+06-0.173172875E+06
 0.187048595E-01 0.182887688E-01 0.178810619E-01 0.174829587E-01 0.170957241E-01
 0.167206470E-01 0.163590256E-01 0.160121303E-01 0.156811830E-01 0.153673235E-01
 0.150715690E-01 0.147947939E-01 0.145376939E-01 0.143007627E-01 0.140842767E-01
 0.138882874E-01 0.137126157E-01 0.135568669E-01 0.134204421E-01 0.133025674E-01
 0.132023171E-01 0.131186480E-01 0.130504342E-01 0.129964985E-01 0.129556423E-01
 0.129266772E-01 0.129084410E-01 0.128998281E-01 0.128997946E-01 0.129073765E-01
 0.129216975E-01 0.129419696E-01 0.129675036E-01 0.129977018E-01 0.130320629E-01
 0.130701791E-01 0.131117338E-01 0.131564997E-01 0.132043334E-01 0.132551771E-01
 0.133090541E-01 0.133660641E-01 0.134263830E-01 0.134902624E-01 0.135580199E-01
 0.136300465E-01 0.137067931E-01 0.137887737E-01 0.138765574E-01 0.139707634E-01
 0.140720550E-01 0.141811306E-01 0.142987110E-01 0.144255338E-01 0.145623377E-01
 0.147098461E-01 0.148687577E-01 0.150397243E-01 0.152233392E-01 0.154201230E-01
 0.156305041E-01 0.158548094E-01 0.160932560E-01 0.163459424E-01 0.166128427E-01
 0.175638311E-01 0.171150193E-01 0.166745093E-01 0.162437875E-01 0.158244241E-01
 0.154180517E-01 0.150263356E-01 0.146509400E-01 0.142934835E-01 0.139554907E-01
 0.136383483E-01 0.133432476E-01 0.130711421E-01 0.128227072E-01 0.125983125E-01
 0.123980064E-01 0.122215133E-01 0.120682511E-01 0.119373584E-01 0.118277296E-01
 0.117380647E-01 0.116669191E-01 0.116127534E-01 0.115739806E-01 0.115490146E-01
 0.115363030E-01 0.115343584E-01 0.115417829E-01 0.115572857E-01 0.115796914E-01
 0.116079487E-01 0.116411317E-01 0.116784396E-01 0.117191933E-01 0.117628332E-01
 0.118089132E-01 0.118570961E-01 0.119071510E-01 0.119589427E-01 0.120124351E-01
 0.120676849E-01 0.121248364E-01 0.121841226E-01 0.122458600E-01 0.123104509E-01
 0.123783750E-01 0.124501940E-01 0.125265447E-01 0.126081333E-01 0.126957353E-01
 0.127901845E-01 0.128923673E-01 0.130032077E-01 0.131236566E-01 0.132546769E-01
 0.133972215E-01 0.135522159E-01 0.137205375E-01 0.139029892E-01 0.141002797E-01
 0.143130030E-01 0.145416176E-01 0.147864325E-01 0.150475996E-01 0.153251002E-01
 0.163984504E-01 0.159119889E-01 0.154333888E-01 0.149644557E-01 0.145071419E-01
 0.140635232E-01 0.136357630E-01 0.132260667E-01 0.128366221E-01 0.124695245E-01
 0.121267065E-01 0.118098473E-01 0.115203038E-01 0.112590352E-01 0.110265613E-01
 0.108229294E-01 0.106477160E-01 0.105000520E-01 0.103786672E-01 0.102819586E-01
 0.102080703E-01 0.101549691E-01 0.101205260E-01 0.101025924E-01 0.100990580E-01
 0.101078991E-01 0.101272203E-01 0.101552745E-01 0.101904841E-01 0.102314427E-01
 0.102769164E-01 0.103258435E-01 0.103773233E-01 0.104306107E-01 0.104851034E-01
 0.105403345E-01 0.105959652E-01 0.106517728E-01 0.107076485E-01 0.107635893E-01
 0.108196931E-01 0.108761601E-01 0.109332856E-01 0.109914606E-01 0.110511733E-01
 0.111130066E-01 0.111776395E-01 0.112458430E-01 0.113184825E-01 0.113965124E-01
 0.114809694E-01 0.115729636E-01 0.116736712E-01 0.117843142E-01 0.119061433E-01
 0.120404139E-01 0.121883592E-01 0.123511581E-01 0.125299050E-01 0.127255749E-01
 0.129389931E-01 0.131708039E-01 0.134214498E-01 0.136911524E-01 0.139799062E-01
 0.152112683E-01 0.146813178E-01 0.141582135E-01 0.136441234E-01 0.131414598E-01
 0.126528628E-01 0.121811638E-01 0.117293233E-01 0.113003505E-01 0.108971987E-01
 0.105226412E-01 0.101791313E-01 0.986867398E-02 0.959269796E-02 0.935197249E-02
 0.914654974E-02 0.897576567E-02 0.883828662E-02 0.873219222E-02 0.865510106E-02
 0.860429835E-02 0.857687648E-02 0.856985990E-02 0.858031120E-02 0.860542152E-02
 0.864257012E-02 0.868936069E-02 0.874365028E-02 0.880354922E-02 0.886742119E-02
 0.893386733E-02 0.900171604E-02 0.906999968E-02 0.913793873E-02 0.920492411E-02
 0.927050132E-02 0.933435373E-02 0.939629599E-02 0.945626106E-02 0.951429456E-02
 0.957054831E-02 0.962528121E-02 0.967885647E-02 0.973174069E-02 0.978450943E-02
 0.983784720E-02 0.989255402E-02 0.994954258E-02 0.100098476E-01 0.100746201E-01
 0.101451296E-01 0.102227526E-01 0.103089707E-01 0.104053440E-01 0.105134975E-01
 0.106350854E-01 0.107717561E-01 0.109251114E-01 0.110966535E-01 0.112877423E-01
 0.114995362E-01 0.117329545E-01 0.119886324E-01 0.122668967E-01 0.125677483E-01
 0.140069528E-01 0.134267276E-01 0.128514348E-01 0.122836120E-01 0.117261959E-01
 0.111825159E-01 0.106562749E-01 0.101514813E-01 0.967234839E-02 0.922313519E-02
 0.880795252E-02 0.843052752E-02 0.809395872E-02 0.780048734E-02 0.755131943E-02
 0.734652160E-02 0.718501816E-02 0.706468336E-02 0.698251044E-02 0.693483884E-02
 0.691759912E-02 0.692654867E-02 0.695747323E-02 0.700634765E-02 0.706944661E-02
 0.714341132E-02 0.722527970E-02 0.731249014E-02 0.740286335E-02 0.749457674E-02
 0.758612761E-02 0.767629873E-02 0.776412338E-02 0.784885138E-02 0.792992394E-02
 0.800694712E-02 0.807967037E-02 0.814797636E-02 0.821186416E-02 0.827144459E-02
 0.832693186E-02 0.837864727E-02 0.842701644E-02 0.847257674E-02 0.851597823E-02
 0.855799764E-02 0.859953929E-02 0.864165463E-02 0.868554041E-02 0.873255450E-02
 0.878421590E-02 0.884220656E-02 0.890836772E-02 0.898468029E-02 0.907324627E-02
 0.917624962E-02 0.929591060E-02 0.943442248E-02 0.959388260E-02 0.977621414E-02
 0.998308044E-02 0.102158142E-01 0.104753477E-01 0.107621644E-01 0.110762762E-01
 0.127932867E-01 0.121551706E-01 0.115187224E-01 0.108867735E-01 0.102627678E-01
 0.965080783E-02 0.905567687E-02 0.848280173E-02 0.793814287E-02 0.742798485E-02
 0.695863087E-02 0.653599203E-02 0.616511889E-02 0.584974093E-02 0.559188379E-02
 0.539164897E-02 0.524720410E-02 0.515497895E-02 0.511003658E-02 0.510652736E-02
 0.513816159E-02 0.519862538E-02 0.528190192E-02 0.538248755E-02 0.549551426E-02
 0.561679108E-02 0.574278971E-02 0.587059977E-02 0.599786080E-02 0.612268969E-02
 0.624361029E-02 0.635948777E-02 0.646946998E-02 0.657293852E-02 0.666946871E-02
 0.675879791E-02 0.684079761E-02 0.691545848E-02 0.698287366E-02 0.704323314E-02
 0.709682098E-02 0.714401389E-02 0.718528824E-02 0.722122518E-02 0.725252647E-02
 0.728002423E-02 0.730469963E-02 0.732770236E-02 0.735036889E-02 0.737424102E-02
 0.740108686E-02 0.743291015E-02 0.747195771E-02 0.752071571E-02 0.758188823E-02
 0.765836146E-02 0.775314169E-02 0.786927342E-02 0.800973177E-02 0.817729905E-02
 0.837442745E-02 0.860310718E-02 0.886474550E-02 0.916007813E-02 0.948912278E-02
 0.115824547E-01 0.108784344E-01 0.101708900E-01 0.946269091E-02 0.875758566E-02
 0.806035940E-02 0.737697026E-02 0.671462389E-02 0.608174270E-02 0.548775215E-02
 0.494263647E-02 0.445623277E-02 0.403730525E-02 0.369253033E-02 0.342560560E-02
 0.323671312E-02 0.312249060E-02 0.307651819E-02 0.309018372E-02 0.315369223E-02
 0.325700990E-02 0.339059648E-02 0.354587613E-02 0.371547160E-02 0.389325316E-02
 0.407427037E-02 0.425462192E-02 0.443129661E-02 0.460201874E-02 0.476510497E-02
 0.491933990E-02 0.506387698E-02 0.519815227E-02 0.532182166E-02 0.543471007E-02
 0.553677231E-02 0.562806847E-02 0.570874056E-02 0.577900466E-02 0.583914202E-02
 0.588949956E-02 0.593049545E-02 0.596262561E-02 0.598647771E-02 0.600275071E-02
 0.601227442E-02 0.601603836E-02 0.601522112E-02 0.601122482E-02 0.600571372E-02
 0.600065198E-02 0.599833904E-02 0.600144174E-02 0.601301249E-02 0.603648834E-02
 0.607566582E-02 0.613463484E-02 0.621767249E-02 0.632908568E-02 0.647301367E-02
 0.665319106E-02 0.687270612E-02 0.713377353E-02 0.743755931E-02 0.778408581E-02
 0.103924917E-01 0.961515121E-02 0.882655382E-02 0.802903995E-02 0.722607737E-02
 0.642259838E-02 0.562538998E-02 0.484347204E-02 0.408838689E-02 0.337422709E-02
 0.271720602E-02 0.213454850E-02 0.164263078E-02 0.125457626E-02 0.977896852E-03
 0.812970218E-03 0.752957072E-03 0.785190088E-03 0.893482240E-03 0.106055767E-02
 0.126998650E-02 0.150737097E-02 0.176083983E-02 0.202105404E-02 0.228093844E-02
 0.253530475E-02 0.278046285E-02 0.301387277E-02 0.323385606E-02 0.343936542E-02
 0.362980855E-02 0.380491442E-02 0.396463601E-02 0.410907762E-02 0.423844485E-02
 0.435300730E-02 0.445307605E-02 0.453898963E-02 0.461110380E-02 0.466979388E-02
 0.471545523E-02 0.474851346E-02 0.476943841E-02 0.477876095E-02 0.477709947E-02
 0.476518692E-02 0.474390993E-02 0.471435254E-02 0.467785029E-02 0.463604834E-02
 0.459097279E-02 0.454510329E-02 0.450144941E-02 0.446361769E-02 0.443586381E-02
 0.442310981E-02 0.443090498E-02 0.446531223E-02 0.453269761E-02 0.463941135E-02
 0.479138130E-02 0.499364175E-02 0.524987327E-02 0.556203304E-02 0.593014434E-02
 0.924853235E-02 0.839286111E-02 0.751529727E-02 0.661665155E-02 0.569888018E-02
 0.476564607E-02 0.382309011E-02 0.288082659E-02 0.195345795E-02 0.110324658E-02
 0.366159395E-03-0.257796142E-03-0.768618425E-03-0.116631272E-02-0.145089137E-02
-0.162237475E-02-0.168079196E-02-0.162618130E-02-0.145859120E-02-0.117808057E-02
-0.812537270E-03-0.429361477E-03-0.450270418E-04 0.330334296E-03 0.690170040E-03
 0.103048875E-02 0.134906452E-02 0.164485222E-02 0.191757339E-02 0.216743024E-02
 0.239491090E-02 0.260065962E-02 0.278539024E-02 0.294983061E-02 0.309468829E-02
 0.322062825E-02 0.332826423E-02 0.341815292E-02 0.349079678E-02 0.354664866E-02
 0.358612230E-02 0.360960467E-02 0.361747341E-02 0.361011922E-02 0.358797284E-02
 0.355154136E-02 0.350145204E-02 0.343850884E-02 0.336376089E-02 0.327859074E-02
 0.318481796E-02 0.308482652E-02 0.298170862E-02 0.287942425E-02 0.278295996E-02
 0.269846455E-02 0.263332413E-02 0.259612035E-02 0.259640790E-02 0.264425762E-02
 0.274953572E-02 0.292097009E-02 0.316513795E-02 0.348559115E-02 0.388234691E-02
 0.818298385E-02 0.724910572E-02 0.628021639E-02 0.527424971E-02 0.422971556E-02
 0.314631430E-02 0.202596746E-02 0.941823819E-03-0.292781588E-04-0.887277653E-03
-0.163215923E-02-0.226391386E-02-0.278253877E-02-0.318803918E-02-0.348042860E-02
-0.365972985E-02-0.372597505E-02-0.367920846E-02-0.351948501E-02-0.324687362E-02
-0.286145601E-02-0.236332999E-02-0.181436189E-02-0.130201934E-02-0.829149212E-03
-0.395760086E-03-0.603612307E-06 0.358176563E-03 0.682667538E-03 0.974973431E-03
 0.123709894E-02 0.147088931E-02 0.167800474E-02 0.185991207E-02 0.201788824E-02
 0.215302897E-02 0.226626056E-02 0.235835277E-02 0.242993259E-02 0.248149876E-02
 0.251343660E-02 0.252603390E-02 0.251950021E-02 0.249398802E-02 0.244961935E-02
 0.238652038E-02 0.230486458E-02 0.220493088E-02 0.208718143E-02 0.195236283E-02
 0.180164305E-02 0.163678941E-02 0.146039925E-02 0.127618923E-02 0.108934368E-02
 0.906903122E-03 0.738147006E-03 0.594871002E-03 0.491400657E-03 0.444125937E-03
 0.470351952E-03 0.586397480E-03 0.805176911E-03 0.113386882E-02 0.157246843E-02
 0.723337708E-02 0.622965256E-02 0.517720310E-02 0.406996021E-02 0.290103257E-02
 0.166332594E-02 0.458226801E-03-0.633816235E-03-0.161277223E-02-0.247861515E-02
-0.323132495E-02-0.387088815E-02-0.439729868E-02-0.481055910E-02-0.511068013E-02
-0.529768411E-02-0.537160458E-02-0.533248624E-02-0.518038915E-02-0.491538644E-02
-0.453756889E-02-0.404704455E-02-0.344393961E-02-0.279158843E-02-0.220703357E-02
-0.168581260E-02-0.122112397E-02-0.807011675E-03-0.438350078E-03-0.110770205E-03
 0.179429961E-03 0.435373193E-03 0.659681566E-03 0.854543759E-03 0.102177204E-02
 0.116284913E-02 0.127896725E-02 0.137106027E-02 0.143982947E-02 0.148576673E-02
 0.150917214E-02 0.151017122E-02 0.148872996E-02 0.144467107E-02 0.137769186E-02
 0.128738640E-02 0.117327576E-02 0.103485049E-02 0.871632248E-03 0.683263585E-03
 0.469641032E-03 0.231109982E-03-0.312505326E-04-0.315217825E-03-0.616847363E-03
-0.929685368E-03-0.124375895E-02-0.154347240E-02-0.176340353E-02-0.187216233E-02
-0.186967035E-02-0.175586215E-02-0.153068313E-02-0.119408849E-02-0.746042526E-03
 0.643677078E-02 0.538176205E-02 0.426719151E-02 0.308318529E-02 0.181727158E-02
 0.502938870E-03-0.710146036E-03-0.181015930E-02-0.279706204E-02-0.367082073E-02
-0.443140743E-02-0.507880235E-02-0.561299175E-02-0.603397191E-02-0.634174934E-02
-0.653634081E-02-0.661777565E-02-0.658609811E-02-0.644136593E-02-0.618365454E-02
-0.581305707E-02-0.532968668E-02-0.473367888E-02-0.403066305E-02-0.336156436E-02
-0.277673500E-02-0.226356974E-02-0.181217550E-02-0.141469785E-02-0.106484187E-02
-0.757525966E-03-0.488630089E-03-0.254808430E-03-0.533497223E-04 0.117928510E-03
 0.260760164E-03 0.376491691E-03 0.466128549E-03 0.530370278E-03 0.569636468E-03
 0.584085414E-03 0.573626778E-03 0.537929591E-03 0.476426183E-03 0.388313434E-03
 0.272553036E-03 0.127871885E-03-0.472332904E-04-0.254482555E-03-0.495781947E-03
-0.773161533E-03-0.108865800E-02-0.144410413E-02-0.184075790E-02-0.227866787E-02
-0.275551435E-02-0.318977749E-02-0.351304375E-02-0.372521020E-02-0.382618955E-02
-0.381591008E-02-0.369431195E-02-0.346134696E-02-0.311697740E-02-0.266117370E-02
 0.582117261E-02 0.474236580E-02 0.359981135E-02 0.238203211E-02 0.107409363E-02
-0.257941487E-03-0.147916621E-02-0.258728815E-02-0.358225801E-02-0.446403120E-02
-0.523256976E-02-0.588784274E-02-0.642982638E-02-0.685850717E-02-0.717388093E-02
-0.737595651E-02-0.746475486E-02-0.744031230E-02-0.730268145E-02-0.705193263E-02
-0.668815663E-02-0.621146522E-02-0.562199485E-02-0.492004864E-02-0.422229664E-02
-0.361727970E-02-0.308981608E-02-0.262834691E-02-0.222390844E-02-0.186945114E-02
-0.155937334E-02-0.128919631E-02-0.105532934E-02-0.854901620E-03-0.685636478E-03
-0.545759802E-03-0.433931331E-03-0.349194917E-03-0.290942844E-03-0.258891872E-03
-0.253069215E-03-0.273807498E-03-0.321747822E-03-0.397851196E-03-0.503418269E-03
-0.640118378E-03-0.810028287E-03-0.101568201E-02-0.126013253E-02-0.154702552E-02
-0.188068277E-02-0.226618908E-02-0.270946510E-02-0.321728410E-02-0.379548920E-02
-0.433343742E-02-0.476040831E-02-0.507629244E-02-0.528099900E-02-0.537445350E-02
-0.535659445E-02-0.522737484E-02-0.498675788E-02-0.463471562E-02-0.417122990E-02
 0.539716287E-02 0.432563294E-02 0.319450907E-02 0.199393812E-02 0.711468805E-03
-0.619388418E-03-0.184894388E-02-0.296535040E-02-0.396854524E-02-0.485847006E-02
-0.563507294E-02-0.629830780E-02-0.684813689E-02-0.728453184E-02-0.760747492E-02
-0.781696104E-02-0.791299716E-02-0.789560564E-02-0.776482932E-02-0.752072548E-02
-0.716337515E-02-0.669288263E-02-0.610937690E-02-0.541848782E-02-0.476114498E-02
-0.418771151E-02-0.368559966E-02-0.324494275E-02-0.285792165E-02-0.251828693E-02
-0.222101458E-02-0.196205638E-02-0.173815398E-02-0.154670235E-02-0.138564711E-02
-0.125340826E-02-0.114882377E-02-0.107110967E-02-0.101983245E-02-0.994893489E-03
-0.996522838E-03-0.102528441E-02-0.108208915E-02-0.116822228E-02-0.128538080E-02
-0.143572863E-02-0.162197102E-02-0.184745493E-02-0.211630366E-02-0.243359874E-02
-0.280562579E-02-0.324021373E-02-0.374720478E-02-0.433911569E-02-0.497339247E-02
-0.550460815E-02-0.592467142E-02-0.623349333E-02-0.643100264E-02-0.651714345E-02
-0.649187341E-02-0.635516131E-02-0.610698620E-02-0.574733689E-02-0.527620921E-02
 0.515434286E-02 0.411750795E-02 0.303188106E-02 0.189143408E-02 0.689317705E-03
-0.581518339E-03-0.181964191E-02-0.294455700E-02-0.395618426E-02-0.485444767E-02
-0.563927740E-02-0.631060917E-02-0.686838664E-02-0.731256139E-02-0.764309661E-02
-0.785996672E-02-0.796316098E-02-0.795268174E-02-0.782855041E-02-0.759080984E-02
-0.723952055E-02-0.677477103E-02-0.619667396E-02-0.556856068E-02-0.500748027E-02
-0.450898800E-02-0.406631641E-02-0.367355603E-02-0.332564744E-02-0.301830797E-02
-0.274794432E-02-0.251156953E-02-0.230672746E-02-0.213143090E-02-0.198410987E-02
-0.186357263E-02-0.176897435E-02-0.169979734E-02-0.165583740E-02-0.163720001E-02
-0.164430367E-02-0.167789310E-02-0.173906097E-02-0.182928226E-02-0.195046270E-02
-0.210500462E-02-0.229589734E-02-0.252683926E-02-0.280240388E-02-0.312826922E-02
-0.351153780E-02-0.396119338E-02-0.448877038E-02-0.510935858E-02-0.574478041E-02
-0.626964588E-02-0.668311398E-02-0.698512373E-02-0.717563182E-02-0.725460751E-02
-0.722203264E-02-0.707789883E-02-0.682220701E-02-0.645496463E-02-0.597618660E-02
 0.506489817E-02 0.408118591E-02 0.306235300E-02 0.200639339E-02 0.911881274E-03
-0.221417053E-03-0.139151013E-02-0.252517709E-02-0.354550546E-02-0.445235847E-02
-0.524564413E-02-0.592527539E-02-0.649117166E-02-0.694326079E-02-0.728147989E-02
-0.750577869E-02-0.761611946E-02-0.761247892E-02-0.749485288E-02-0.726325484E-02
-0.691772206E-02-0.645831507E-02-0.594687648E-02-0.547086075E-02-0.503311912E-02
-0.463368045E-02-0.427133683E-02-0.394429360E-02-0.365055166E-02-0.338812289E-02
-0.315515185E-02-0.294997846E-02-0.277117034E-02-0.261753751E-02-0.248813466E-02
-0.238226331E-02-0.229946990E-02-0.223954697E-02-0.220253575E-02-0.218873285E-02
-0.219870242E-02-0.223329267E-02-0.229366054E-02-0.238130544E-02-0.249811332E-02
-0.264641689E-02-0.282907276E-02-0.304956525E-02-0.331214303E-02-0.362200267E-02
-0.398553675E-02-0.441067247E-02-0.490734447E-02-0.548815494E-02-0.611063046E-02
-0.662941905E-02-0.703650061E-02-0.733185187E-02-0.751546305E-02-0.758733694E-02
-0.754748425E-02-0.739592547E-02-0.713268667E-02-0.675780047E-02-0.627130270E-02
 0.509199221E-02 0.416956050E-02 0.322507089E-02 0.225941744E-02 0.127464149E-02
 0.274496415E-03-0.734782603E-03-0.174348371E-02-0.273690303E-02-0.365267508E-02
-0.445472682E-02-0.514294393E-02-0.571721699E-02-0.617744355E-02-0.652353046E-02
-0.675539440E-02-0.687296456E-02-0.687618414E-02-0.676501403E-02-0.653943373E-02
-0.622726139E-02-0.589584000E-02-0.556159997E-02-0.523464615E-02-0.492152385E-02
-0.462623825E-02-0.435105432E-02-0.409708265E-02-0.386469951E-02-0.365383597E-02
-0.346417655E-02-0.329529424E-02-0.314674317E-02-0.301812077E-02-0.290911039E-02
-0.281951181E-02-0.274926238E-02-0.269845594E-02-0.266735652E-02-0.265641301E-02
-0.266627548E-02-0.269781100E-02-0.275212550E-02-0.283058826E-02-0.293486216E-02
-0.306694070E-02-0.322919386E-02-0.342442258E-02-0.365592469E-02-0.392757123E-02
-0.424389355E-02-0.461017014E-02-0.503250444E-02-0.551783852E-02-0.607217522E-02
-0.658502057E-02-0.698579382E-02-0.727451732E-02-0.745122321E-02-0.751595106E-02
-0.746874884E-02-0.730966916E-02-0.703876885E-02-0.665610796E-02-0.616174890E-02
 0.519835856E-02 0.433705607E-02 0.346426247E-02 0.258242153E-02 0.169510802E-02
 0.807370234E-03-0.738855524E-04-0.939513207E-03-0.177784194E-02-0.257464475E-02
-0.331357215E-02-0.397725916E-02-0.454918901E-02-0.501609687E-02-0.537033146E-02
-0.561137637E-02-0.574593712E-02-0.578655256E-02-0.574928848E-02-0.565130869E-02
-0.550894346E-02-0.533650443E-02-0.514579285E-02-0.494609773E-02-0.474446639E-02
-0.454608351E-02-0.435466552E-02-0.417280989E-02-0.400228892E-02-0.384428375E-02
-0.369956600E-02-0.356863532E-02-0.345182349E-02-0.334937219E-02-0.326149305E-02
-0.318840984E-02-0.313039310E-02-0.308778626E-02-0.306102727E-02-0.305066444E-02
-0.305737322E-02-0.308196875E-02-0.312541891E-02-0.318885711E-02-0.327359303E-02
-0.338112283E-02-0.351313688E-02-0.367152062E-02-0.385834766E-02-0.407585129E-02
-0.432636635E-02-0.461221440E-02-0.493549556E-02-0.529771764E-02-0.569916423E-02
-0.613773661E-02-0.653212192E-02-0.681410218E-02-0.698375702E-02-0.704116980E-02
-0.698642898E-02-0.681962492E-02-0.654084887E-02-0.615019212E-02-0.564774591E-02
 0.535191037E-02 0.454638572E-02 0.373700913E-02 0.292677619E-02 0.211956771E-02
 0.132030889E-02 0.535104366E-03-0.228684788E-03-0.962476479E-03-0.165667897E-02
-0.230113673E-02-0.288583781E-02-0.340184057E-02-0.384228909E-02-0.420330651E-02
-0.448453287E-02-0.468915654E-02-0.482342718E-02-0.489579607E-02-0.491590658E-02
-0.489365356E-02-0.483845314E-02-0.475877617E-02-0.466191536E-02-0.455394108E-02
-0.443977164E-02-0.432330882E-02-0.420759991E-02-0.409499509E-02-0.398729788E-02
-0.388588873E-02-0.379183632E-02-0.370598235E-02-0.362901273E-02-0.356151536E-02
-0.350402272E-02-0.345704868E-02-0.342111476E-02-0.339677185E-02-0.338461553E-02
-0.338529912E-02-0.339954067E-02-0.342812715E-02-0.347191445E-02-0.353182130E-02
-0.360881747E-02-0.370390131E-02-0.381806307E-02-0.395222893E-02-0.410717493E-02
-0.428339699E-02-0.448091747E-02-0.469900435E-02-0.493576145E-02-0.518755149E-02
-0.544821005E-02-0.570803694E-02-0.595169282E-02-0.611399533E-02-0.616378011E-02
-0.610117987E-02-0.592632638E-02-0.563934864E-02-0.524037238E-02-0.472952053E-02
 0.552791683E-02 0.477033760E-02 0.401397888E-02 0.326182018E-02 0.251746108E-02
 0.178517192E-02 0.106991129E-02 0.377290940E-03-0.286535884E-03-0.915081240E-03
-0.150183449E-02-0.204067072E-02-0.252631935E-02-0.295482855E-02-0.332394871E-02
-0.363335363E-02-0.388465472E-02-0.408120314E-02-0.422772719E-02-0.432987558E-02
-0.439374894E-02-0.442549074E-02-0.443096505E-02-0.441554561E-02-0.438399659E-02
-0.434043678E-02-0.428835489E-02-0.423066085E-02-0.416975748E-02-0.410761498E-02
-0.404584780E-02-0.398578541E-02-0.392853189E-02-0.387502182E-02-0.382606382E-02
-0.378237851E-02-0.374462735E-02-0.371343619E-02-0.368941319E-02-0.367315998E-02
-0.366527983E-02-0.366637879E-02-0.367706269E-02-0.369792664E-02-0.372954039E-02
-0.377241964E-02-0.382699119E-02-0.389353768E-02-0.397212664E-02-0.406250916E-02
-0.416398933E-02-0.427524420E-02-0.439409772E-02-0.451723067E-02-0.463983603E-02
-0.475522736E-02-0.485446118E-02-0.492605567E-02-0.495598279E-02-0.492812926E-02
-0.482545095E-02-0.463187089E-02-0.433470076E-02-0.392697239E-02-0.340888486E-02
 0.570883928E-02 0.499070669E-02 0.427690381E-02 0.357013941E-02 0.287352968E-02
 0.219059992E-02 0.152525748E-02 0.881730055E-03 0.264458184E-03-0.322058157E-03
-0.873459387E-03-0.138575991E-02-0.185559550E-02-0.228045275E-02-0.265885098E-02
-0.299044512E-02-0.327603263E-02-0.351746590E-02-0.371748186E-02-0.387948123E-02
-0.400728593E-02-0.410490669E-02-0.417634565E-02-0.422543939E-02-0.425575301E-02
-0.427051727E-02-0.427260157E-02-0.426451676E-02-0.424843421E-02-0.422621984E-02
-0.419947086E-02-0.416955538E-02-0.413765199E-02-0.410478469E-02-0.407185405E-02
-0.403966289E-02-0.400893949E-02-0.398035301E-02-0.395452650E-02-0.393204251E-02
-0.391344680E-02-0.389924506E-02-0.388989318E-02-0.388578442E-02-0.388722564E-02
-0.389440893E-02-0.390736898E-02-0.392593211E-02-0.394964730E-02-0.397770293E-02
-0.400882121E-02-0.404113578E-02-0.407204404E-02-0.409805356E-02-0.411461946E-02
-0.411601085E-02-0.409523631E-02-0.404408667E-02-0.395335723E-02-0.381330517E-02
-0.361437094E-02-0.334811280E-02-0.300821965E-02-0.259138690E-02-0.209782552E-02
 0.588311860E-02 0.519625843E-02 0.451544439E-02 0.384303555E-02 0.318165170E-02
 0.253415457E-02 0.190361112E-02 0.129323464E-02 0.706301711E-03 0.146046135E-03
-0.384465849E-03-0.882472552E-03-0.134565309E-02-0.177224958E-02-0.216116011E-02
-0.251199165E-02-0.282506621E-02-0.310137565E-02-0.334250019E-02-0.355049106E-02
-0.372774154E-02-0.387685490E-02-0.400052126E-02-0.410141423E-02-0.418211194E-02
-0.424503675E-02-0.429242244E-02-0.432629650E-02-0.434847875E-02-0.436058734E-02
-0.436405884E-02-0.436016172E-02-0.435002288E-02-0.433464441E-02-0.431492366E-02
-0.429166993E-02-0.426561898E-02-0.423744041E-02-0.420774752E-02-0.417709537E-02
-0.414598268E-02-0.411484344E-02-0.408403529E-02-0.405382365E-02-0.402436079E-02
-0.399565324E-02-0.396752916E-02-0.393959321E-02-0.391117251E-02-0.388125889E-02
-0.384843699E-02-0.381081179E-02-0.376593345E-02-0.371072674E-02-0.364144240E-02
-0.355363800E-02-0.344221783E-02-0.330154621E-02-0.312565942E-02-0.290858233E-02
-0.264473935E-02-0.232942379E-02-0.195925846E-02-0.153256778E-02-0.104958832E-02
 0.604374474E-02 0.538074551E-02 0.472455751E-02 0.407719892E-02 0.344085204E-02
 0.281784218E-02 0.221060147E-02 0.162162283E-02 0.105339929E-02 0.508353172E-03
-0.112428152E-04-0.503347954E-03-0.966232154E-03-0.139854476E-02-0.179936620E-02
-0.216823723E-02-0.250516389E-02-0.281059486E-02-0.308537786E-02-0.333069824E-02
-0.354800583E-02-0.373893883E-02-0.390524883E-02-0.404873397E-02-0.417118380E-02
-0.427433383E-02-0.435983529E-02-0.442923512E-02-0.448396476E-02-0.452533923E-02
-0.455455948E-02-0.457272073E-02-0.458082091E-02-0.457977271E-02-0.457041105E-02
-0.455350429E-02-0.452975789E-02-0.449982192E-02-0.446428917E-02-0.442369562E-02
-0.437851390E-02-0.432914635E-02-0.427591009E-02-0.421902258E-02-0.415857974E-02
-0.409453223E-02-0.402665650E-02-0.395451998E-02-0.387744675E-02-0.379447616E-02
-0.370432460E-02-0.360534573E-02-0.349550019E-02-0.337233464E-02-0.323298154E-02
-0.307418569E-02-0.289236777E-02-0.268373266E-02-0.244442467E-02-0.217072829E-02
-0.185930182E-02-0.150742347E-02-0.111321791E-02-0.675831805E-03-0.195530054E-03
 0.618700404E-02 0.554133952E-02 0.490261149E-02 0.427253870E-02 0.365294563E-02
 0.304574054E-02 0.245288922E-02 0.187637832E-02 0.131817337E-02 0.780172064E-03
 0.264152884E-03-0.228275181E-03-0.695720140E-03-0.113704777E-02-0.155141216E-02
-0.193827320E-02-0.229740050E-02-0.262886309E-02-0.293300510E-02-0.321041257E-02
-0.346187246E-02-0.368832774E-02-0.389083289E-02-0.407051202E-02-0.422852114E-02
-0.436601974E-02-0.448414451E-02-0.458399439E-02-0.466661900E-02-0.473301299E-02
-0.478411559E-02-0.482081110E-02-0.484393258E-02-0.485426607E-02-0.485255336E-02
-0.483949576E-02-0.481575634E-02-0.478195725E-02-0.473867962E-02-0.468645664E-02
-0.462576700E-02-0.455702376E-02-0.448056217E-02-0.439662393E-02-0.430533709E-02
-0.420669932E-02-0.410055229E-02-0.398655934E-02-0.386418076E-02-0.373265101E-02
-0.359095680E-02-0.343782175E-02-0.327169779E-02-0.309076742E-02-0.289296196E-02
-0.267599872E-02-0.243744045E-02-0.217477721E-02-0.188553473E-02-0.156739797E-02
-0.121834828E-02-0.836798223E-03-0.421710924E-03 0.273093574E-04 0.509968726E-03
 0.631152233E-02 0.567751657E-02 0.505014090E-02 0.443086354E-02 0.382122281E-02
 0.322281104E-02 0.263725291E-02 0.206618011E-02 0.151120196E-02 0.973874179E-03
 0.455665664E-03-0.420730285E-04-0.518139394E-03-0.971504080E-03-0.140132953E-02
-0.180698198E-02-0.218803436E-02-0.254426175E-02-0.287562958E-02-0.318227522E-02
-0.346448529E-02-0.372266979E-02-0.395733770E-02-0.416907109E-02-0.435850304E-02
-0.452629849E-02-0.467313919E-02-0.479971338E-02-0.490670511E-02-0.499479426E-02
-0.506465044E-02-0.511693442E-02-0.515229860E-02-0.517138792E-02-0.517484033E-02
-0.516328495E-02-0.513734156E-02-0.509761553E-02-0.504469266E-02-0.497913081E-02
-0.490145106E-02-0.481212419E-02-0.471155811E-02-0.460008346E-02-0.447793491E-02
-0.434523495E-02-0.420197658E-02-0.404800661E-02-0.388300722E-02-0.370648457E-02
-0.351775810E-02-0.331595540E-02-0.310001499E-02-0.286869728E-02-0.262060645E-02
-0.235422538E-02-0.206796196E-02-0.176021014E-02-0.142942148E-02-0.107418327E-02
-0.693301379E-03-0.285877933E-03 0.148621024E-03 0.610315881E-03 0.109888613E-02
 0.641757669E-02 0.579031417E-02 0.516907405E-02 0.455511734E-02 0.394975767E-02
 0.335434754E-02 0.277026207E-02 0.219888240E-02 0.164157513E-02 0.109967205E-02
 0.574448670E-03 0.671043381E-04-0.421256816E-03-0.889641349E-03-0.133717863E-02
-0.176312891E-02-0.216688588E-02-0.254797586E-02-0.290605240E-02-0.324088684E-02
-0.355235697E-02-0.384043483E-02-0.410517305E-02-0.434669154E-02-0.456516864E-02
-0.476082973E-02-0.493394118E-02-0.508480519E-02-0.521375798E-02-0.532116788E-02
-0.540743629E-02-0.547299767E-02-0.551832048E-02-0.554390624E-02-0.555028999E-02
-0.553803705E-02-0.550773647E-02-0.545999734E-02-0.539543852E-02-0.531467749E-02
-0.521831913E-02-0.510694180E-02-0.498108100E-02-0.484121358E-02-0.468774326E-02
-0.452098250E-02-0.434113713E-02-0.414829468E-02-0.394241093E-02-0.372330029E-02
-0.349063473E-02-0.324393995E-02-0.298260455E-02-0.270589022E-02-0.241295435E-02
-0.210287678E-02-0.177469559E-02-0.142745103E-02-0.106023287E-02-0.672231952E-03
-0.262791786E-03 0.168544007E-03 0.621990941E-03 0.109749392E-02 0.159471075E-02
 0.650663953E-02 0.588185899E-02 0.526226917E-02 0.464896206E-02 0.404307200E-02
 0.344576570E-02 0.285823341E-02 0.228167581E-02 0.171729189E-02 0.116626592E-02
 0.629753456E-03 0.108869615E-03-0.395322684E-03-0.881822314E-03-0.134969747E-02
-0.179809111E-02-0.222622324E-02-0.263339211E-02-0.301897177E-02-0.338240969E-02
-0.372322183E-02-0.404099002E-02-0.433535548E-02-0.460601784E-02-0.485273171E-02
-0.507530849E-02-0.527361501E-02-0.544757722E-02-0.559718534E-02-0.572249619E-02
-0.582363876E-02-0.590081839E-02-0.595431868E-02-0.598450238E-02-0.599181093E-02
-0.597676076E-02-0.593993487E-02-0.588197634E-02-0.580357481E-02-0.570545206E-02
-0.558834802E-02-0.545300031E-02-0.530013070E-02-0.513042137E-02-0.494450191E-02
-0.474292925E-02-0.452617323E-02-0.429460453E-02-0.404848205E-02-0.378795015E-02
-0.351303117E-02-0.322363013E-02-0.291954027E-02-0.260045449E-02-0.226598256E-02
-0.191567326E-02-0.154904160E-02-0.116559921E-02-0.764888362E-03-0.346516550E-03
 0.898095459E-04 0.544252980E-03 0.101682020E-02 0.150734163E-02 0.201546005E-02
 0.658107735E-02 0.595507817E-02 0.533326063E-02 0.471657282E-02 0.410600193E-02
 0.350256707E-02 0.290731573E-02 0.232131407E-02 0.174564077E-02 0.118137954E-02
 0.629611663E-03 0.914088960E-04-0.432172092E-03-0.940095226E-03-0.143134908E-02
-0.190494966E-02-0.235994230E-02-0.279540266E-02-0.321043795E-02-0.360418670E-02
-0.397581980E-02-0.432454282E-02-0.464959815E-02-0.495027145E-02-0.522589590E-02
-0.547586288E-02-0.569962990E-02-0.589673361E-02-0.606680056E-02-0.620956020E-02
-0.632485421E-02-0.641264860E-02-0.647303835E-02-0.650625071E-02-0.651264796E-02
-0.649271905E-02-0.644707587E-02-0.637643598E-02-0.628161104E-02-0.616348395E-02
-0.602299115E-02-0.586109655E-02-0.567877200E-02-0.547697023E-02-0.525660720E-02
-0.501853926E-02-0.476354687E-02-0.449232059E-02-0.420544995E-02-0.390341599E-02
-0.358658936E-02-0.325523061E-02-0.290949736E-02-0.254945247E-02-0.217507919E-02
-0.178629928E-02-0.138299272E-02-0.965021609E-03-0.532255159E-03-0.845942268E-04
 0.378004363E-03 0.855505757E-03 0.134777848E-02 0.185458024E-02 0.237554871E-02
 0.664396863E-02 0.601354009E-02 0.538612856E-02 0.476255547E-02 0.414368091E-02
 0.353039987E-02 0.292364089E-02 0.232436275E-02 0.173355034E-02 0.115221378E-02
 0.581383938E-03 0.221116788E-04-0.524534378E-03-0.105746894E-02-0.157559058E-02
-0.207778183E-02-0.256290985E-02-0.302982703E-02-0.347737153E-02-0.390437059E-02
-0.430964399E-02-0.469201105E-02-0.505029876E-02-0.538335461E-02-0.569006195E-02
-0.596935488E-02-0.622024154E-02-0.644182554E-02-0.663332641E-02-0.679410528E-02
-0.692368392E-02-0.702176197E-02-0.708823232E-02-0.712318812E-02-0.712692551E-02
-0.709993858E-02-0.704290951E-02-0.695668999E-02-0.684228074E-02-0.670080353E-02
-0.653347233E-02-0.634156028E-02-0.612637121E-02-0.588920806E-02-0.563134253E-02
-0.535399374E-02-0.505830394E-02-0.474532275E-02-0.441599404E-02-0.407114765E-02
-0.371149671E-02-0.333763752E-02-0.295005552E-02-0.254913419E-02-0.213516690E-02
-0.170837238E-02-0.126891246E-02-0.816910819E-03-0.352472853E-03 0.124294485E-03
 0.613263692E-03 0.111426949E-02 0.162709411E-02 0.215145526E-02 0.268699811E-02
 0.669899210E-02 0.606136536E-02 0.542544667E-02 0.479193917E-02 0.416158419E-02
 0.353516312E-02 0.291349669E-02 0.229744636E-02 0.168791437E-02 0.108584540E-02
 0.492228603E-03-0.919008598E-04-0.665458560E-03-0.122730772E-02-0.177625613E-02
-0.231105275E-02-0.283038500E-02-0.333287776E-02-0.381709286E-02-0.428153202E-02
-0.472464133E-02-0.514482334E-02-0.554044684E-02-0.590986991E-02-0.625145948E-02
-0.656362297E-02-0.684483955E-02-0.709369592E-02-0.730892504E-02-0.748944329E-02
-0.763438689E-02-0.774314068E-02-0.781536475E-02-0.785100926E-02-0.785032008E-02
-0.781383552E-02-0.774237048E-02-0.763699086E-02-0.749898329E-02-0.732981367E-02
-0.713108666E-02-0.690449774E-02-0.665179268E-02-0.637472281E-02-0.607500924E-02
-0.575430831E-02-0.541418558E-02-0.505609484E-02-0.468136230E-02-0.429117912E-02
-0.388659700E-02-0.346852932E-02-0.303775747E-02-0.259494060E-02-0.214062724E-02
-0.167527085E-02-0.119924638E-02-0.712867477E-03-0.216404587E-03 0.289897434E-03
 0.805802643E-03 0.133106881E-02 0.186543388E-02 0.240860577E-02 0.296025304E-02
 0.675036246E-02 0.610318873E-02 0.545627531E-02 0.481020566E-02 0.416560285E-02
 0.352313323E-02 0.288350857E-02 0.224749045E-02 0.161589344E-02 0.989591470E-03
 0.369523041E-03-0.243301867E-03-0.847794290E-03-0.144277827E-02-0.202698237E-02
-0.259903213E-02-0.315744174E-02-0.370060909E-02-0.422681123E-02-0.473420601E-02
-0.522083417E-02-0.568463141E-02-0.612344453E-02-0.653505605E-02-0.691721728E-02
-0.726768933E-02-0.758429291E-02-0.786496233E-02-0.810780749E-02-0.831117108E-02
-0.847368967E-02-0.859434623E-02-0.867250934E-02-0.870796386E-02-0.870092213E-02
-0.865202025E-02-0.856229477E-02-0.843314547E-02-0.826628413E-02-0.806367956E-02
-0.782748498E-02-0.755997933E-02-0.726350024E-02-0.694038346E-02-0.659291539E-02
-0.622328697E-02-0.583356107E-02-0.542564737E-02-0.500128744E-02-0.456204405E-02
-0.410930160E-02-0.364426896E-02-0.316798990E-02-0.268135336E-02-0.218510954E-02
-0.167988706E-02-0.116621086E-02-0.644520158E-03-0.115187388E-03 0.421464734E-03
 0.965146406E-03 0.151558593E-02 0.207251660E-02 0.263566524E-02 0.320474431E-02
 0.680278800E-02 0.614413992E-02 0.548416842E-02 0.482333126E-02 0.416212436E-02
 0.350108859E-02 0.284081418E-02 0.218194723E-02 0.152519741E-02 0.871346158E-03
 0.221257607E-03-0.424110331E-03-0.106369297E-02-0.169630523E-02-0.232062605E-02
-0.293518440E-02-0.353834359E-02-0.412828801E-02-0.470301323E-02-0.526031712E-02
-0.579780107E-02-0.631287647E-02-0.680278009E-02-0.726460293E-02-0.769533403E-02
-0.809191260E-02-0.845130160E-02-0.877056923E-02-0.904697832E-02-0.927808788E-02
-0.946184620E-02-0.959667843E-02-0.968156010E-02-0.971606467E-02-0.970038958E-02
-0.963534601E-02-0.952233188E-02-0.936326105E-02-0.916049071E-02-0.891672354E-02
-0.863490347E-02-0.831812155E-02-0.796951726E-02-0.759219797E-02-0.718916627E-02
-0.676326780E-02-0.631714985E-02-0.585323479E-02-0.537370564E-02-0.488050282E-02
-0.437532738E-02-0.385965174E-02-0.333473505E-02-0.280164275E-02-0.226126565E-02
-0.171434286E-02-0.116148265E-02-0.603184919E-03-0.398606426E-04 0.528148201E-03
 0.110055134E-02 0.167709449E-02 0.225754548E-02 0.284168241E-02 0.342928432E-02
 0.686143572E-02 0.618982641E-02 0.551518379E-02 0.483782543E-02 0.415810570E-02
 0.347642088E-02 0.279321731E-02 0.210899976E-02 0.142434065E-02 0.739894109E-03
 0.564085676E-04-0.625255692E-03-0.130410842E-02-0.197900808E-02-0.264863879E-02
-0.331148668E-02-0.396581274E-02-0.460962858E-02-0.524067413E-02-0.585639477E-02
-0.645393087E-02-0.703011220E-02-0.758146681E-02-0.810424890E-02-0.859448593E-02
-0.904804561E-02-0.946073607E-02-0.982842594E-02-0.101471813E-01-0.104134269E-01
-0.106241032E-01-0.107768141E-01-0.108699547E-01-0.109028043E-01-0.108755650E-01
-0.107893553E-01-0.106461514E-01-0.104486812E-01-0.102002909E-01-0.990478508E-02
-0.956626423E-02-0.918896776E-02-0.877713878E-02-0.833490025E-02-0.786616933E-02
-0.737458561E-02-0.686347391E-02-0.633581635E-02-0.579425087E-02-0.524107646E-02
-0.467827171E-02-0.410751533E-02-0.353021570E-02-0.294753956E-02-0.236044056E-02
-0.176968996E-02-0.117590337E-02-0.579567393E-03 0.189361836E-04 0.619308965E-03
 0.122131628E-02 0.182477001E-02 0.242951419E-02 0.303541240E-02 0.364233716E-02
 0.693188142E-02 0.624630367E-02 0.555587048E-02 0.486074388E-02 0.416111527E-02
 0.345721166E-02 0.274930545E-02 0.203772308E-02 0.132285804E-02 0.605185400E-03
-0.114719631E-03-0.836161140E-03-0.155829766E-02-0.228011329E-02-0.300038536E-02
-0.371764810E-02-0.443015248E-02-0.513582444E-02-0.583222043E-02-0.651648594E-02
-0.718531804E-02-0.783493742E-02-0.846107863E-02-0.905899424E-02-0.962350145E-02
-0.101490589E-01-0.106298877E-01-0.110601438E-01-0.114341341E-01-0.117465658E-01
-0.119928205E-01-0.121692158E-01-0.122732362E-01-0.123037025E-01-0.122608533E-01
-0.121463323E-01-0.119630797E-01-0.117151421E-01-0.114074303E-01-0.110454448E-01
-0.106350053E-01-0.101820091E-01-0.969221629E-02-0.917109661E-02-0.862370897E-02
-0.805463735E-02-0.746795535E-02-0.686722063E-02-0.625549490E-02-0.563537376E-02
-0.500902534E-02-0.437823776E-02-0.374446274E-02-0.310886162E-02-0.247234688E-02
-0.183562201E-02-0.119921681E-02-0.563519599E-03 0.711947359E-04 0.704740116E-03
 0.133699784E-02 0.196789857E-02 0.259740604E-02 0.322550582E-02 0.385219301E-02
 0.702004554E-02 0.632001646E-02 0.561322644E-02 0.489966245E-02 0.417932961E-02
 0.345225749E-02 0.271850848E-02 0.197818736E-02 0.123145571E-02 0.478547765E-03
-0.280209642E-03-0.104437198E-02-0.181334768E-02-0.258636218E-02-0.336241536E-02
-0.414023269E-02-0.491820741E-02-0.569433486E-02-0.646614376E-02-0.723061664E-02
-0.798411481E-02-0.872230530E-02-0.944009796E-02-0.101316152E-01-0.107901962E-01
-0.114084547E-01-0.119784186E-01-0.124917589E-01-0.129401041E-01-0.133154560E-01
-0.136106573E-01-0.138198817E-01-0.139390761E-01-0.139662931E-01-0.139018586E-01
-0.137483468E-01-0.135103669E-01-0.131941922E-01-0.128072975E-01-0.123578701E-01
-0.118543440E-01-0.113050155E-01-0.107177356E-01-0.100997118E-01-0.945738703E-02
-0.879639201E-02-0.812155474E-02-0.743694091E-02-0.674591539E-02-0.605122140E-02
-0.535505777E-02-0.465915538E-02-0.396484835E-02-0.327314157E-02-0.258476636E-02
-0.190023240E-02-0.121987064E-02-0.543871371E-03 0.127684572E-03 0.794798660E-03
 0.145753263E-02 0.211598980E-02 0.277029956E-02 0.342060602E-02 0.406705635E-02
 0.713208877E-02 0.641770335E-02 0.569460681E-02 0.496259565E-02 0.422146544E-02
 0.347101921E-02 0.271107210E-02 0.194146181E-02 0.116206089E-02 0.372791808E-03
-0.426352926E-03-0.123528484E-02-0.205378770E-02-0.288147759E-02-0.371775217E-02
-0.456173066E-02-0.541217858E-02-0.626741862E-02-0.712522399E-02-0.798269734E-02
-0.883613434E-02-0.968087092E-02-0.105111441E-01-0.113199474E-01-0.120989466E-01
-0.128384493E-01-0.135275032E-01-0.141541408E-01-0.147058321E-01-0.151701365E-01
-0.155355474E-01-0.157924313E-01-0.159339365E-01-0.159567110E-01-0.158612635E-01
-0.156519189E-01-0.153363422E-01-0.149247637E-01-0.144290458E-01-0.138617530E-01
-0.132353511E-01-0.125615960E-01-0.118511422E-01-0.111133289E-01-0.103561236E-01
-0.958616193E-02-0.880885869E-02-0.802854076E-02-0.724860374E-02-0.647165207E-02
-0.569963735E-02-0.493397750E-02-0.417565787E-02-0.342532108E-02-0.268333871E-02
-0.194987236E-02-0.122492260E-02-0.508369936E-03 0.199992399E-03 0.900431944E-03
 0.159325579E-02 0.227879337E-02 0.295738364E-02 0.362936291E-02 0.429505855E-02
 0.727427425E-02 0.654625008E-02 0.580757717E-02 0.505784666E-02 0.429662829E-02
 0.352347363E-02 0.273791887E-02 0.193949300E-02 0.112772419E-02 0.302153698E-03
-0.537648913E-03-0.139206310E-02-0.226138835E-02-0.314580463E-02-0.404532254E-02
-0.495971693E-02-0.588844018E-02-0.683051627E-02-0.778439920E-02-0.874780305E-02
-0.971749052E-02-0.106890174E-01-0.116564464E-01-0.126120299E-01-0.135458922E-01
-0.144457743E-01-0.152969090E-01-0.160821360E-01-0.167824049E-01-0.173777472E-01
-0.178487767E-01-0.181786008E-01-0.183548313E-01-0.183712728E-01-0.182288345E-01
-0.179353952E-01-0.175046604E-01-0.169543568E-01-0.163041968E-01-0.155740548E-01
-0.147825917E-01-0.139464000E-01-0.130796116E-01-0.121938512E-01-0.112984041E-01
-0.104004908E-01-0.950558856E-02-0.861774012E-02-0.773984147E-02-0.687387772E-02
-0.602112850E-02-0.518233422E-02-0.435782317E-02-0.354762003E-02-0.275152479E-02
-0.196917728E-02-0.120010623E-02-0.443768135E-03 0.300424115E-03 0.103307841E-02
 0.175480673E-02 0.246621156E-02 0.316787721E-02 0.386036187E-02 0.454419432E-02
 0.745278830E-02 0.671249628E-02 0.595969846E-02 0.519377692E-02 0.441406574E-02
 0.361985154E-02 0.281037181E-02 0.198481581E-02 0.114232721E-02 0.282009278E-03
-0.597067643E-03-0.149585248E-02-0.241529406E-02-0.335631287E-02-0.431976048E-02
-0.530636311E-02-0.631664041E-02-0.735079823E-02-0.840857625E-02-0.948904455E-02
-0.105903298E-01-0.117092524E-01-0.128408587E-01-0.139778322E-01-0.151097877E-01
-0.162224956E-01-0.172971264E-01-0.183097497E-01-0.192313902E-01-0.200291127E-01
-0.206684917E-01-0.211175792E-01-0.213518012E-01-0.213584974E-01-0.211395063E-01
-0.207107924E-01-0.200992264E-01-0.193378124E-01-0.184609275E-01-0.175007004E-01
-0.164849069E-01-0.154361781E-01-0.143721243E-01-0.133059220E-01-0.122470865E-01
-0.112022404E-01-0.101757906E-01-0.917048566E-02-0.818785839E-02-0.722856354E-02
-0.629263604E-02-0.537967728E-02-0.448899809E-02-0.361972139E-02-0.277085463E-02
-0.194134505E-02-0.113011803E-02-0.336104276E-03 0.441741227E-03 0.120442570E-02
 0.195291010E-02 0.268810312E-02 0.341085880E-02 0.412197411E-02 0.482218852E-02
 0.767352292E-02 0.692299195E-02 0.615825830E-02 0.537850102E-02 0.458282512E-02
 0.377025432E-02 0.293972460E-02 0.209007878E-02 0.122005958E-02 0.328304304E-03
-0.586659356E-03-0.152641570E-02-0.249265926E-02-0.348718837E-02-0.451189047E-02
-0.556871295E-02-0.665961998E-02-0.778651331E-02-0.895112008E-02-0.101548107E-01
-0.113983350E-01-0.126814172E-01-0.140021713E-01-0.153562501E-01-0.167356525E-01
-0.181270950E-01-0.195099525E-01-0.208481122E-01-0.220024381E-01-0.229269415E-01
-0.236216355E-01-0.240865313E-01-0.243216362E-01-0.243269540E-01-0.241024867E-01
-0.236482285E-01-0.229641721E-01-0.220503043E-01-0.209066067E-01-0.196170416E-01
-0.182970185E-01-0.169742648E-01-0.156673510E-01-0.143880434E-01-0.131432703E-01
-0.119366255E-01-0.107694734E-01-0.964172836E-02-0.855238736E-02-0.749989320E-02
-0.648237998E-02-0.549783278E-02-0.454419386E-02-0.361942919E-02-0.272157090E-02
-0.184874295E-02-0.999173964E-03-0.171204010E-03 0.636714336E-03 0.142601714E-02
 0.219803303E-02 0.295398780E-02 0.369500904E-02 0.442213332E-02 0.513630919E-02
 0.794183183E-02 0.718371943E-02 0.640994962E-02 0.561952125E-02 0.481133116E-02
 0.398416352E-02 0.313667627E-02 0.226738793E-02 0.137466041E-02 0.456681562E-03
-0.488554651E-03-0.146326970E-02-0.246992428E-02-0.351124210E-02-0.459023565E-02
-0.571022881E-02-0.687487284E-02-0.808815565E-02-0.935438368E-02-0.106781283E-01
-0.120641030E-01-0.135169188E-01-0.150406454E-01-0.166380238E-01-0.183091220E-01
-0.200457070E-01-0.216577016E-01-0.230399743E-01-0.241925307E-01-0.251153745E-01
-0.258085094E-01-0.262719411E-01-0.265056677E-01-0.265096910E-01-0.262840036E-01
-0.258285999E-01-0.251434688E-01-0.242285971E-01-0.230839644E-01-0.217095483E-01
-0.201066080E-01-0.184472390E-01-0.168584175E-01-0.153434761E-01-0.139014777E-01
-0.125292074E-01-0.112223551E-01-0.997619517E-02-0.878596865E-02-0.764709571E-02
-0.655527133E-02-0.550651457E-02-0.449717557E-02-0.352392602E-02-0.258374168E-02
-0.167387922E-02-0.791851606E-03 0.645947584E-04 0.897502177E-03 0.170872221E-02
 0.249993382E-02 0.327266078E-02 0.402828492E-02 0.476806192E-02 0.549312960E-02
 0.826228224E-02 0.749980239E-02 0.672053220E-02 0.592332520E-02 0.510691199E-02
 0.426988211E-02 0.341066625E-02 0.252751517E-02 0.161847367E-02 0.681349833E-03
-0.286318798E-03-0.128730782E-02-0.232475507E-02-0.340222055E-02-0.452375552E-02
-0.569398934E-02-0.691822823E-02-0.820257608E-02-0.955407787E-02-0.109808790E-01
-0.124924108E-01-0.140995691E-01-0.158148631E-01-0.176524352E-01-0.196158979E-01
-0.214554537E-01-0.230654143E-01-0.244457815E-01-0.255965479E-01-0.265177172E-01
-0.272092838E-01-0.276712459E-01-0.279036015E-01-0.279063415E-01-0.276794620E-01
-0.272229500E-01-0.265367944E-01-0.256209821E-01-0.244754925E-01-0.231003072E-01
-0.214954037E-01-0.196607560E-01-0.177823994E-01-0.160376616E-01-0.144113051E-01
-0.128895361E-01-0.114602046E-01-0.101127392E-01-0.883798860E-02-0.762803387E-02
-0.647601346E-02-0.537596503E-02-0.432269089E-02-0.331164105E-02-0.233881944E-02
-0.140070205E-02-0.494170818E-03 0.383542560E-03 0.123490335E-02 0.206211302E-02
 0.286714290E-02 0.365176145E-02 0.441755867E-02 0.516596623E-02 0.589827588E-02
 0.863842200E-02 0.787523016E-02 0.709450198E-02 0.629499555E-02 0.547533063E-02
 0.463396870E-02 0.376918959E-02 0.287906523E-02 0.196142751E-02 0.101382902E-02
 0.334963843E-04-0.982726342E-03-0.203844788E-02-0.313781621E-02-0.428562704E-02
-0.548746018E-02-0.674985349E-02-0.808052812E-02-0.948868319E-02-0.109853856E-01
-0.125840884E-01-0.143013522E-01-0.161578227E-01-0.181796253E-01-0.202413090E-01
-0.220787097E-01-0.236866456E-01-0.250651091E-01-0.262140948E-01-0.271335933E-01
-0.278236009E-01-0.282841083E-01-0.285151098E-01-0.285165962E-01-0.282885563E-01
-0.278309789E-01-0.271438528E-01-0.262271613E-01-0.250808895E-01-0.237050168E-01
-0.220995229E-01-0.202643871E-01-0.182341840E-01-0.163145158E-01-0.145528335E-01
-0.129244821E-01-0.114098871E-01-0.999329053E-02-0.866183080E-02-0.740489457E-02
-0.621362170E-02-0.508054812E-02-0.399933010E-02-0.296453410E-02-0.197147182E-02
-0.101607339E-02-0.947849985E-04 0.795512577E-03 0.165757013E-02 0.249382295E-02
 0.330643612E-02 0.409733970E-02 0.486825919E-02 0.562074315E-02 0.635618111E-02
 0.907258596E-02 0.831262954E-02 0.753482152E-02 0.673788181E-02 0.592038734E-02
 0.508075114E-02 0.421719672E-02 0.332773058E-02 0.241010636E-02 0.146178401E-02
 0.479877432E-03-0.538906781E-03-0.159834791E-02-0.270280777E-02-0.385735370E-02
-0.506791566E-02-0.634148996E-02-0.768640731E-02-0.911269151E-02-0.106325466E-01
-0.122610359E-01-0.140170418E-01-0.159246810E-01-0.180151407E-01-0.200797431E-01
-0.219150186E-01-0.235209558E-01-0.248975419E-01-0.260447673E-01-0.269626193E-01
-0.276510902E-01-0.281101707E-01-0.283398479E-01-0.283401143E-01-0.281109549E-01
-0.276523605E-01-0.269643143E-01-0.260468051E-01-0.248998143E-01-0.235233270E-01
-0.219173227E-01-0.200817846E-01-0.180267431E-01-0.160405729E-01-0.142285889E-01
-0.125613492E-01-0.110161528E-01-0.957512483E-02-0.822393969E-02-0.695093535E-02
-0.574649638E-02-0.460259803E-02-0.351247541E-02-0.247037364E-02-0.147135684E-02
-0.511161808E-03 0.413918315E-03 0.130712509E-02 0.217130780E-02 0.300898240E-02
 0.382237998E-02 0.461348658E-02 0.538407452E-02 0.613573194E-02 0.686988467E-02
 0.956576969E-02 0.881311484E-02 0.804273691E-02 0.725337816E-02 0.644364674E-02
 0.561199104E-02 0.475668022E-02 0.387577503E-02 0.296709803E-02 0.202819332E-02
 0.105628045E-02 0.481971801E-04-0.999670243E-03-0.209147343E-02-0.323201087E-02
-0.442686304E-02-0.568256807E-02-0.700684683E-02-0.840889663E-02-0.989977829E-02
-0.114929453E-01-0.132049499E-01-0.150564341E-01-0.170735177E-01-0.191307422E-01
-0.209639370E-01-0.225679148E-01-0.239426605E-01-0.250881594E-01-0.260044020E-01
-0.266913716E-01-0.271490607E-01-0.273774527E-01-0.273765400E-01-0.271463059E-01
-0.266867392E-01-0.259978268E-01-0.250795539E-01-0.239319056E-01-0.225548651E-01
-0.209484193E-01-0.191125516E-01-0.170818400E-01-0.151618989E-01-0.134001886E-01
-0.117720608E-01-0.102579547E-01-0.884212181E-02-0.751171447E-02-0.625613099E-02
-0.506652379E-02-0.393544231E-02-0.285655586E-02-0.182444218E-02-0.834425795E-03
 0.117552285E-03 0.103503559E-02 0.192113407E-02 0.277859066E-02 0.360983401E-02
 0.441702409E-02 0.520208757E-02 0.596674904E-02 0.671255589E-02 0.744090043E-02
 0.101175942E-01 0.937623903E-02 0.861771684E-02 0.784085225E-02 0.704434933E-02
 0.622677244E-02 0.538653042E-02 0.452185189E-02 0.363076152E-02 0.271105161E-02
 0.176024425E-02 0.775551656E-03-0.246174226E-03-0.130850042E-02-0.241548382E-02
-0.357175549E-02-0.478262221E-02-0.605418580E-02-0.739348587E-02-0.880866218E-02
-0.103091383E-01-0.119057987E-01-0.136111416E-01-0.154392971E-01-0.173938647E-01
-0.192250349E-01-0.208271034E-01-0.222000536E-01-0.233438741E-01-0.242585484E-01
-0.249440596E-01-0.254004002E-01-0.256275516E-01-0.256255008E-01-0.253942385E-01
-0.249337498E-01-0.242440198E-01-0.233250353E-01-0.221767835E-01-0.207992494E-01
-0.191924199E-01-0.173562821E-01-0.154768834E-01-0.137315691E-01-0.121051185E-01
-0.105837584E-01-0.915536284E-02-0.780938240E-02-0.653669098E-02-0.532939564E-02
-0.418066140E-02-0.308455224E-02-0.203589629E-02-0.103016931E-02-0.633994714E-04
 0.867913943E-03 0.176686782E-02 0.263621146E-02 0.347839389E-02 0.429560244E-02
 0.508979848E-02 0.586274313E-02 0.661602290E-02 0.735106925E-02 0.806917809E-02
 0.107263448E-01 0.100000482E-01 0.925752334E-02 0.849772524E-02 0.771951070E-02
 0.692162570E-02 0.610269327E-02 0.526119862E-02 0.439547421E-02 0.350368186E-02
 0.258379243E-02 0.163356611E-02 0.650526723E-03-0.368060631E-03-0.142521563E-02
-0.252426509E-02-0.366886100E-02-0.486298651E-02-0.611094106E-02-0.741728581E-02
-0.878671929E-02-0.102238394E-01-0.117326947E-01-0.133160073E-01-0.149738258E-01
-0.166978929E-01-0.182981100E-01-0.196693223E-01-0.208115131E-01-0.217246674E-01
-0.224087704E-01-0.228638072E-01-0.230897628E-01-0.230866261E-01-0.228543803E-01
-0.223930143E-01-0.217025168E-01-0.207828693E-01-0.196340643E-01-0.182560869E-01
-0.166502073E-01-0.149885416E-01-0.133980857E-01-0.118821962E-01-0.104399659E-01
-0.906821247E-02-0.776265841E-02-0.651861494E-02-0.533136399E-02-0.419636397E-02
-0.310935173E-02-0.206638779E-02-0.106386270E-02-0.984888902E-04 0.832719612E-03
 0.173247012E-02 0.260321610E-02 0.344718108E-02 0.426638080E-02 0.506264623E-02
 0.583763840E-02 0.659287022E-02 0.732971728E-02 0.804943498E-02 0.875316747E-02
 0.113891084E-01 0.106812408E-01 0.995839853E-02 0.921970326E-02 0.846420415E-02
 0.769087253E-02 0.689859502E-02 0.608616974E-02 0.525229797E-02 0.439558225E-02
 0.351451826E-02 0.260749646E-02 0.167280156E-02 0.708620239E-03-0.286944094E-03
-0.131584378E-02-0.238004047E-02-0.348143070E-02-0.462172925E-02-0.580229284E-02
-0.702384952E-02-0.828610081E-02-0.958713423E-02-0.109225744E-01-0.122843888E-01
-0.136592621E-01-0.150265368E-01-0.163500700E-01-0.174906868E-01-0.184023771E-01
-0.190851204E-01-0.195389036E-01-0.197637137E-01-0.197595358E-01-0.195263550E-01
-0.190641601E-01-0.183729362E-01-0.174526758E-01-0.163033623E-01-0.150089730E-01
-0.136849368E-01-0.123590026E-01-0.110497708E-01-0.976904482E-02-0.852379017E-02
-0.731764454E-02-0.615202216E-02-0.502688857E-02-0.394129427E-02-0.289374054E-02
-0.188241818E-02-0.905371213E-03 0.394004492E-04 0.953873852E-03 0.183996186E-02
 0.269948901E-02 0.353417918E-02 0.434564892E-02 0.513540860E-02 0.590486219E-02
 0.665531494E-02 0.738797477E-02 0.810396019E-02 0.880430639E-02 0.948997028E-02
 0.121019669E-01 0.114153996E-01 0.107153486E-01 0.100011192E-01 0.927197281E-02
 0.852712803E-02 0.776575739E-02 0.698699290E-02 0.618992513E-02 0.537360925E-02
 0.453707669E-02 0.367934490E-02 0.279943855E-02 0.189641840E-02 0.969421410E-03
 0.177174916E-04-0.959210913E-03-0.196155929E-02-0.298905117E-02-0.404073484E-02
-0.511470856E-02-0.620776089E-02-0.731490087E-02-0.842877198E-02-0.953894667E-02
-0.106311506E-01-0.116865104E-01-0.126810493E-01-0.135857500E-01-0.143676335E-01
-0.149922343E-01-0.154275717E-01-0.156490412E-01-0.156439524E-01-0.154141271E-01
-0.149755161E-01-0.143549815E-01-0.135855274E-01-0.127015393E-01-0.117351636E-01
-0.107141947E-01-0.966129918E-02-0.859412365E-02-0.752588874E-02-0.646616379E-02
-0.542162918E-02-0.439675618E-02-0.339436205E-02-0.241605262E-02-0.146255887E-02
-0.533992541E-03 0.369965710E-03 0.124992663E-02 0.210669101E-02 0.294117746E-02
 0.375436782E-02 0.454727234E-02 0.532090152E-02 0.607624836E-02 0.681427727E-02
 0.753591536E-02 0.824204646E-02 0.893351156E-02 0.961110462E-02 0.102755744E-01
 0.128602367E-01 0.121972794E-01 0.115224784E-01 0.108353272E-01 0.101353060E-01
 0.942187756E-02 0.869449880E-02 0.795262400E-02 0.719571393E-02 0.642325217E-02
 0.563475629E-02 0.482980628E-02 0.400807010E-02 0.316934404E-02 0.231360481E-02
 0.144107395E-02 0.552303565E-03-0.351714902E-03-0.126941327E-02-0.219847448E-02
-0.313562271E-02-0.407637097E-02-0.501473108E-02-0.594290020E-02-0.685094669E-02
-0.772655196E-02-0.855488610E-02-0.931873079E-02-0.999897439E-02-0.105755916E-01
-0.110291457E-01-0.113426922E-01-0.115038026E-01-0.115062455E-01-0.113509018E-01
-0.110456273E-01-0.106041208E-01-0.100441054E-01-0.938530173E-02-0.864760205E-02
-0.784969516E-02-0.700821215E-02-0.613733381E-02-0.524874311E-02-0.435179053E-02
-0.345377275E-02-0.256024906E-02-0.167535280E-02-0.802072464E-03 0.575073063E-04
 0.902004598E-03 0.173057732E-02 0.254279329E-02 0.333852740E-02 0.411788188E-02
 0.488112401E-02 0.562863844E-02 0.636089081E-02 0.707839895E-02 0.778171280E-02
 0.847139768E-02 0.914802309E-02 0.981215388E-02 0.104643423E-01 0.111051267E-01
 0.136587238E-01 0.130211003E-01 0.123733412E-01 0.117151234E-01 0.110461293E-01
 0.103660533E-01 0.967461243E-02 0.897155050E-02 0.825665798E-02 0.752978260E-02
 0.679085590E-02 0.603991468E-02 0.527713541E-02 0.450287480E-02 0.371772074E-02
 0.292255054E-02 0.211860822E-02 0.130759168E-02 0.491759274E-03-0.325949775E-03
-0.114177843E-02-0.195100589E-02-0.274779950E-02-0.352508365E-02-0.427444512E-02
-0.498611387E-02-0.564905582E-02-0.625122339E-02-0.678000739E-02-0.722289179E-02
-0.756829884E-02-0.780653069E-02-0.793067925E-02-0.793734100E-02-0.782698765E-02
-0.760391448E-02-0.727576856E-02-0.685277674E-02-0.634680875E-02-0.577044906E-02
-0.513619743E-02-0.445585651E-02-0.374014000E-02-0.299845939E-02-0.223886571E-02
-0.146808999E-02-0.691650028E-03 0.860121800E-04 0.861381995E-03 0.163172767E-02
 0.239496701E-02 0.314955018E-02 0.389435817E-02 0.462861778E-02 0.535182981E-02
 0.606371230E-02 0.676415116E-02 0.745316315E-02 0.813086331E-02 0.879744254E-02
 0.945314579E-02 0.100982571E-01 0.107330875E-01 0.113579640E-01 0.119732227E-01
 0.144919725E-01 0.138808358E-01 0.132612698E-01 0.126331169E-01 0.119962422E-01
 0.113505423E-01 0.106959576E-01 0.100324787E-01 0.936016347E-02 0.867915805E-02
 0.798971113E-02 0.729220547E-02 0.658718497E-02 0.587539235E-02 0.515781064E-02
 0.443571387E-02 0.371072302E-02 0.298487139E-02 0.226067426E-02 0.154120498E-02
 0.830170698E-03 0.131984139E-03-0.548178388E-03-0.120434375E-02-0.182974862E-02
-0.241690362E-02-0.295773149E-02-0.344379502E-02-0.386662083E-02-0.421810988E-02
-0.449101254E-02-0.467941584E-02-0.477918983E-02-0.478832051E-02-0.470708171E-02
-0.453800801E-02-0.428568199E-02-0.395636633E-02-0.355754280E-02-0.309742033E-02
-0.258447346E-02-0.202705245E-02-0.143308181E-02-0.809856574E-03-0.163923076E-03
 0.498968700E-03 0.117386063E-02 0.185654545E-02 0.254350482E-02 0.323183555E-02
 0.391917303E-02 0.460361736E-02 0.528366305E-02 0.595813757E-02 0.662614545E-02
 0.728702033E-02 0.794028398E-02 0.858561229E-02 0.922280457E-02 0.985176023E-02
 0.104724588E-01 0.110849431E-01 0.116893016E-01 0.122856656E-01 0.128741888E-01
 0.153544843E-01 0.147704612E-01 0.141796572E-01 0.135820545E-01 0.129776765E-01
 0.123665873E-01 0.117489072E-01 0.111248242E-01 0.104946056E-01 0.985861570E-02
 0.921733584E-02 0.857138634E-02 0.792155135E-02 0.726880878E-02 0.661436282E-02
 0.595968124E-02 0.530653400E-02 0.465703616E-02 0.401368923E-02 0.337942294E-02
 0.275762961E-02 0.215219264E-02 0.156749389E-02 0.100840407E-02 0.480237737E-03
-0.113262249E-04-0.460371055E-03-0.860914821E-03-0.120712852E-02-0.149359019E-02
-0.171555753E-02-0.186923519E-02-0.195200683E-02-0.196260517E-02-0.190119725E-02
-0.176937156E-02-0.157003116E-02-0.130720565E-02-0.985807274E-03-0.611360127E-03
-0.189729952E-03 0.273122219E-03 0.771347666E-03 0.129937148E-02 0.185200607E-02
 0.242452277E-02 0.301268604E-02 0.361275952E-02 0.422149105E-02 0.483608339E-02
 0.545415841E-02 0.607371237E-02 0.669307727E-02 0.731087662E-02 0.792598631E-02
 0.853750017E-02 0.914470013E-02 0.974702183E-02 0.103440341E-01 0.109354183E-01
 0.115209455E-01 0.121004647E-01 0.126738856E-01 0.132411700E-01 0.138023226E-01
 0.162409004E-01 0.156841576E-01 0.151221761E-01 0.145550622E-01 0.139829610E-01
 0.134060709E-01 0.128246536E-01 0.122390408E-01 0.116496505E-01 0.110570025E-01
 0.104617272E-01 0.986459479E-02 0.926652364E-02 0.866861176E-02 0.807215460E-02
 0.747867301E-02 0.688993465E-02 0.630798237E-02 0.573515519E-02 0.517410599E-02
 0.462781359E-02 0.409958372E-02 0.359303784E-02 0.311208470E-02 0.266086892E-02
 0.224369834E-02 0.186494517E-02 0.152892107E-02 0.123973400E-02 0.100112893E-02
 0.816325948E-03 0.687867810E-03 0.617490907E-03 0.606033194E-03 0.653388328E-03
 0.758512586E-03 0.919482380E-03 0.113359676E-02 0.139751332E-02 0.170740462E-02
 0.205912045E-02 0.244834344E-02 0.287072943E-02 0.332202460E-02 0.379815907E-02
 0.429531373E-02 0.480996491E-02 0.533890957E-02 0.587927131E-02 0.642849831E-02
 0.698434841E-02 0.754487002E-02 0.810837932E-02 0.867343508E-02 0.923881214E-02
 0.980347954E-02 0.103665767E-01 0.109273884E-01 0.114853308E-01 0.120399296E-01
 0.125908051E-01 0.131376600E-01 0.136802653E-01 0.142184496E-01 0.147520909E-01
 0.171461459E-01 0.166164543E-01 0.160829443E-01 0.155458106E-01 0.150052952E-01
 0.144616961E-01 0.139153777E-01 0.133667719E-01 0.128163984E-01 0.122648710E-01
 0.117129097E-01 0.111613590E-01 0.106111988E-01 0.100635597E-01 0.951974094E-02
 0.898122415E-02 0.844968762E-02 0.792702008E-02 0.741532957E-02 0.691694720E-02
 0.643442618E-02 0.597053347E-02 0.552822649E-02 0.511062518E-02 0.472096307E-02
 0.436252868E-02 0.403859187E-02 0.375231635E-02 0.350666465E-02 0.330429687E-02
 0.314747100E-02 0.303795259E-02 0.297693885E-02 0.296500721E-02 0.300208759E-02
 0.308746751E-02 0.321982428E-02 0.339728454E-02 0.361750275E-02 0.387775642E-02
 0.417504506E-02 0.450619077E-02 0.486793276E-02 0.525701093E-02 0.567023503E-02
 0.610454381E-02 0.655704411E-02 0.702504162E-02 0.750605762E-02 0.799783599E-02
 0.849834457E-02 0.900576729E-02 0.951849483E-02 0.100351106E-01 0.105543789E-01
 0.110752238E-01 0.115967197E-01 0.121180713E-01 0.126386024E-01 0.131577412E-01
 0.136750042E-01 0.141899921E-01 0.147023732E-01 0.152118765E-01 0.157182850E-01
 0.180655178E-01 0.175623409E-01 0.170566179E-01 0.165486112E-01 0.160386357E-01
 0.155270612E-01 0.150143141E-01 0.145008946E-01 0.139873810E-01 0.134744365E-01
 0.129628209E-01 0.124534033E-01 0.119471652E-01 0.114452178E-01 0.109488070E-01
 0.104593234E-01 0.997831114E-02 0.950746797E-02 0.904865097E-02 0.860387459E-02
 0.817529764E-02 0.776521675E-02 0.737603707E-02 0.701024942E-02 0.667038793E-02
 0.635898719E-02 0.607852545E-02 0.583136454E-02 0.561968843E-02 0.544543238E-02
 0.531022483E-02 0.521533005E-02 0.516160019E-02 0.514944643E-02 0.517882174E-02
 0.524922460E-02 0.535971718E-02 0.550896069E-02 0.569526525E-02 0.591664854E-02
 0.617089635E-02 0.645563239E-02 0.676837843E-02 0.710661570E-02 0.746783614E-02
 0.784958620E-02 0.824950542E-02 0.866534840E-02 0.909501035E-02 0.953653455E-02
 0.998812169E-02 0.104481289E-01 0.109150708E-01 0.113876108E-01 0.118645532E-01
 0.123448391E-01 0.128275296E-01 0.133118015E-01 0.137969339E-01 0.142823011E-01
 0.147673590E-01 0.152516412E-01 0.157347471E-01 0.162163340E-01 0.166961122E-01
 0.189947523E-01 0.185173079E-01 0.180384386E-01 0.175584611E-01 0.170777328E-01
 0.165966675E-01 0.161157362E-01 0.156354699E-01 0.151564758E-01 0.146794328E-01
 0.142051047E-01 0.137343472E-01 0.132681122E-01 0.128074521E-01 0.123535311E-01
 0.119076222E-01 0.114711141E-01 0.110455109E-01 0.106324265E-01 0.102335811E-01
 0.985079072E-02 0.948595442E-02 0.914102886E-02 0.881800987E-02 0.851889886E-02
 0.824566744E-02 0.800022203E-02 0.778435450E-02 0.759970490E-02 0.744771538E-02
 0.732958736E-02 0.724624982E-02 0.719832676E-02 0.718611944E-02 0.720959622E-02
 0.726839341E-02 0.736182928E-02 0.748892315E-02 0.764842890E-02 0.783887133E-02
 0.805858895E-02 0.830577314E-02 0.857851934E-02 0.887486245E-02 0.919281784E-02
 0.953041576E-02 0.988572929E-02 0.102568967E-01 0.106421430E-01 0.110397907E-01
 0.114482697E-01 0.118661225E-01 0.122920051E-01 0.127246873E-01 0.131630516E-01
 0.136060845E-01 0.140528744E-01 0.145026054E-01 0.149545483E-01 0.154080559E-01
 0.158625543E-01 0.163175408E-01 0.167725701E-01 0.172272567E-01 0.176812597E-01
 0.199300461E-01 0.194773749E-01 0.190242566E-01 0.185710359E-01 0.181181021E-01
 0.176658891E-01 0.172148906E-01 0.167656466E-01 0.163187683E-01 0.158749279E-01
 0.154348677E-01 0.149994092E-01 0.145694474E-01 0.141459629E-01 0.137300193E-01
 0.133227650E-01 0.129254330E-01 0.125393393E-01 0.121658770E-01 0.118065085E-01
 0.114627574E-01 0.111361919E-01 0.108284103E-01 0.105410218E-01 0.102756182E-01
 0.100337518E-01 0.981690548E-02 0.962646399E-02 0.946367905E-02 0.932964496E-02
 0.922526978E-02 0.915125012E-02 0.910805352E-02 0.909590721E-02 0.911478885E-02
 0.916442927E-02 0.924432185E-02 0.935373176E-02 0.949172303E-02 0.965717714E-02
 0.984882191E-02 0.100652669E-01 0.103050256E-01 0.105665512E-01 0.108482614E-01
 0.111485673E-01 0.114658922E-01 0.117986938E-01 0.121454811E-01 0.125048226E-01
 0.128753604E-01 0.132558160E-01 0.136449924E-01 0.140417768E-01 0.144451419E-01
 0.148541443E-01 0.152679197E-01 0.156856813E-01 0.161067192E-01 0.165303871E-01
 0.169561058E-01 0.173833594E-01 0.178116783E-01 0.182406530E-01 0.186699145E-01
 0.208680555E-01 0.204390828E-01 0.200104974E-01 0.195826609E-01 0.191559792E-01
 0.187308937E-01 0.183079001E-01 0.178875346E-01 0.174703933E-01 0.170571245E-01
 0.166484378E-01 0.162451006E-01 0.158479456E-01 0.154578695E-01 0.150758326E-01
 0.147028603E-01 0.143400365E-01 0.139885088E-01 0.136494702E-01 0.133241648E-01
 0.130138695E-01 0.127198836E-01 0.124435192E-01 0.121860802E-01 0.119488444E-01
 0.117330486E-01 0.115398606E-01 0.113703627E-01 0.112255290E-01 0.111062042E-01
 0.110130860E-01 0.109467078E-01 0.109074274E-01 0.108954199E-01 0.109106693E-01
 0.109529737E-01 0.110219466E-01 0.111170309E-01 0.112375058E-01 0.113825118E-01
 0.115510635E-01 0.117420703E-01 0.119543625E-01 0.121867089E-01 0.124378391E-01
 0.127064614E-01 0.129912831E-01 0.132910246E-01 0.136044305E-01 0.139302863E-01
 0.142674223E-01 0.146147246E-01 0.149711352E-01 0.153356604E-01 0.157073699E-01
 0.160853956E-01 0.164689366E-01 0.168572478E-01 0.172496531E-01 0.176455285E-01
 0.180443022E-01 0.184454601E-01 0.188485309E-01 0.192530919E-01 0.196587592E-01
 0.218058918E-01 0.213994645E-01 0.209941305E-01 0.205902588E-01 0.201882571E-01
 0.197885633E-01 0.193916615E-01 0.189980753E-01 0.186083727E-01 0.182231721E-01
 0.178431347E-01 0.174689740E-01 0.171014499E-01 0.167413764E-01 0.163896140E-01
 0.160470679E-01 0.157146938E-01 0.153934807E-01 0.150844548E-01 0.147886714E-01
 0.145072034E-01 0.142411329E-01 0.139915394E-01 0.137594901E-01 0.135460207E-01
 0.133521222E-01 0.131787285E-01 0.130266976E-01 0.128967967E-01 0.127896881E-01
 0.127059165E-01 0.126458993E-01 0.126099149E-01 0.125980992E-01 0.126104420E-01
 0.126467887E-01 0.127068413E-01 0.127901658E-01 0.128962044E-01 0.130242836E-01
 0.131736267E-01 0.133433733E-01 0.135325883E-01 0.137402844E-01 0.139654325E-01
 0.142069766E-01 0.144638494E-01 0.147349862E-01 0.150193321E-01 0.153158531E-01
 0.156235453E-01 0.159414411E-01 0.162686128E-01 0.166041777E-01 0.169472992E-01
 0.172971934E-01 0.176531207E-01 0.180143919E-01 0.183803700E-01 0.187504627E-01
 0.191241205E-01 0.195008405E-01 0.198801607E-01 0.202616602E-01 0.206449497E-01
 0.227410812E-01 0.223560128E-01 0.219726264E-01 0.215912908E-01 0.212124046E-01
 0.208363980E-01 0.204637330E-01 0.200949106E-01 0.197304711E-01 0.193709899E-01
 0.190170780E-01 0.186693929E-01 0.183286238E-01 0.179955009E-01 0.176707916E-01
 0.173552968E-01 0.170498490E-01 0.167553052E-01 0.164725464E-01 0.162024684E-01
 0.159459766E-01 0.157039762E-01 0.154773612E-01 0.152670098E-01 0.150737679E-01
 0.148984417E-01 0.147417830E-01 0.146044800E-01 0.144871455E-01 0.143903075E-01
 0.143143963E-01 0.142597435E-01 0.142265698E-01 0.142149823E-01 0.142249744E-01
 0.142564261E-01 0.143091036E-01 0.143826660E-01 0.144766737E-01 0.145905921E-01
 0.147238020E-01 0.148756159E-01 0.150452796E-01 0.152319930E-01 0.154349143E-01
 0.156531762E-01 0.158858933E-01 0.161321759E-01 0.163911320E-01 0.166618843E-01
 0.169435702E-01 0.172353517E-01 0.175364148E-01 0.178459808E-01 0.181633066E-01
 0.184876788E-01 0.188184306E-01 0.191549268E-01 0.194965750E-01 0.198428184E-01
 0.201931410E-01 0.205470584E-01 0.209041256E-01 0.212639291E-01 0.216260850E-01
 0.236715358E-01 0.233066324E-01 0.229438990E-01 0.225836933E-01 0.222264007E-01
 0.218724329E-01 0.215222351E-01 0.211762749E-01 0.208350588E-01 0.204991177E-01
 0.201690178E-01 0.198453534E-01 0.195287503E-01 0.192198604E-01 0.189193636E-01
 0.186279677E-01 0.183463953E-01 0.180753935E-01 0.178157166E-01 0.175681282E-01
 0.173333939E-01 0.171122756E-01 0.169055182E-01 0.167138502E-01 0.165379681E-01
 0.163785312E-01 0.162361525E-01 0.161113925E-01 0.160047449E-01 0.159166344E-01
 0.158474091E-01 0.157973319E-01 0.157665834E-01 0.157552473E-01 0.157633200E-01
 0.157907084E-01 0.158372261E-01 0.159026030E-01 0.159864835E-01 0.160884429E-01
 0.162079819E-01 0.163445417E-01 0.164975114E-01 0.166662335E-01 0.168500189E-01
 0.170481466E-01 0.172598790E-01 0.174844675E-01 0.177211612E-01 0.179692078E-01
 0.182278678E-01 0.184964128E-01 0.187741350E-01 0.190603472E-01 0.193543863E-01
 0.196556170E-01 0.199634340E-01 0.202772580E-01 0.205965433E-01 0.209207758E-01
 0.212494675E-01 0.215821639E-01 0.219184402E-01 0.222578961E-01 0.226001628E-01
 0.245955139E-01 0.242496002E-01 0.239062514E-01 0.235658120E-01 0.232286490E-01
 0.228951592E-01 0.225657541E-01 0.222408772E-01 0.219209939E-01 0.216065943E-01
 0.212981962E-01 0.209963378E-01 0.207015797E-01 0.204145089E-01 0.201357249E-01
 0.198658481E-01 0.196055137E-01 0.193553641E-01 0.191160534E-01 0.188882332E-01
 0.186725557E-01 0.184696596E-01 0.182801746E-01 0.181047060E-01 0.179438330E-01
 0.177981015E-01 0.176680144E-01 0.175540335E-01 0.174565576E-01 0.173759386E-01
 0.173124541E-01 0.172663219E-01 0.172376856E-01 0.172266159E-01 0.172331110E-01
 0.172570944E-01 0.172984190E-01 0.173568651E-01 0.174321495E-01 0.175239220E-01
 0.176317785E-01 0.177552644E-01 0.178938750E-01 0.180470701E-01 0.182142761E-01
 0.183948949E-01 0.185883064E-01 0.187938772E-01 0.190109704E-01 0.192389451E-01
 0.194771606E-01 0.197249893E-01 0.199818090E-01 0.202470161E-01 0.205200240E-01
 0.208002627E-01 0.210871901E-01 0.213802774E-01 0.216790289E-01 0.219829679E-01
 0.222916435E-01 0.226046275E-01 0.229215194E-01 0.232419409E-01 0.235655364E-01
 0.255115777E-01 0.251835119E-01 0.248583239E-01 0.245363470E-01 0.242179278E-01
 0.239034370E-01 0.235932637E-01 0.232878160E-01 0.229875259E-01 0.226928424E-01
 0.224042330E-01 0.221221875E-01 0.218472071E-01 0.215798151E-01 0.213205405E-01
 0.210699346E-01 0.208285470E-01 0.205969382E-01 0.203756727E-01 0.201653093E-01
 0.199664030E-01 0.197794996E-01 0.196051281E-01 0.194437988E-01 0.192959942E-01
 0.191621706E-01 0.190427471E-01 0.189381018E-01 0.188485682E-01 0.187744312E-01
 0.187159237E-01 0.186732206E-01 0.186464414E-01 0.186356474E-01 0.186408348E-01
 0.186619442E-01 0.186988544E-01 0.187513884E-01 0.188193116E-01 0.189023409E-01
 0.190001428E-01 0.191123392E-01 0.192385186E-01 0.193782281E-01 0.195309892E-01
 0.196962990E-01 0.198736340E-01 0.200624615E-01 0.202622339E-01 0.204724018E-01
 0.206924137E-01 0.209217221E-01 0.211597867E-01 0.214060731E-01 0.216600634E-01
 0.219212491E-01 0.221891422E-01 0.224632658E-01 0.227431692E-01 0.230284128E-01
 0.233185813E-01 0.236132778E-01 0.239121281E-01 0.242147706E-01 0.245208722E-01
 0.264185648E-01 0.261072461E-01 0.257990528E-01 0.254942998E-01 0.251933169E-01
 0.248964466E-01 0.246040523E-01 0.243165120E-01 0.240342207E-01 0.237575900E-01
 0.234870426E-01 0.232230201E-01 0.229659714E-01 0.227163639E-01 0.224746652E-01
 0.222413596E-01 0.220169313E-01 0.218018666E-01 0.215966534E-01 0.214017723E-01
 0.212177038E-01 0.210449081E-01 0.208838377E-01 0.207349230E-01 0.205985717E-01
 0.204751678E-01 0.203650575E-01 0.202685595E-01 0.201859530E-01 0.201174710E-01
 0.200633109E-01 0.200236142E-01 0.199984852E-01 0.199879687E-01 0.199920684E-01
 0.200107303E-01 0.200438611E-01 0.200913101E-01 0.201528873E-01 0.202283561E-01
 0.203174427E-01 0.204198342E-01 0.205351803E-01 0.206631068E-01 0.208032113E-01
 0.209550690E-01 0.211182367E-01 0.212922562E-01 0.214766618E-01 0.216709804E-01
 0.218747333E-01 0.220874455E-01 0.223086420E-01 0.225378554E-01 0.227746256E-01
 0.230184980E-01 0.232690349E-01 0.235258099E-01 0.237884074E-01 0.240564328E-01
 0.243295003E-01 0.246072449E-01 0.248893145E-01 0.251753759E-01 0.254651122E-01
 0.273155402E-01 0.270199198E-01 0.267276168E-01 0.264389236E-01 0.261541512E-01
 0.258736182E-01 0.255976617E-01 0.253266301E-01 0.250608828E-01 0.248007961E-01
 0.245467536E-01 0.242991503E-01 0.240583904E-01 0.238248892E-01 0.235990640E-01
 0.233813375E-01 0.231721364E-01 0.229718853E-01 0.227810070E-01 0.225999206E-01
 0.224290341E-01 0.222687479E-01 0.221194457E-01 0.219814945E-01 0.218552407E-01
 0.217410065E-01 0.216390863E-01 0.215497483E-01 0.214732233E-01 0.214097127E-01
 0.213593747E-01 0.213223360E-01 0.212986786E-01 0.212884415E-01 0.212916285E-01
 0.213081967E-01 0.213380661E-01 0.213811137E-01 0.214371830E-01 0.215060748E-01
 0.215875600E-01 0.216813777E-01 0.217872337E-01 0.219048113E-01 0.220337696E-01
 0.221737474E-01 0.223243684E-01 0.224852413E-01 0.226559639E-01 0.228361264E-01
 0.230253153E-01 0.232231133E-01 0.234291069E-01 0.236428827E-01 0.238640308E-01
 0.240921490E-01 0.243268460E-01 0.245677345E-01 0.248144418E-01 0.250666048E-01
 0.253238715E-01 0.255859066E-01 0.258523822E-01 0.261229891E-01 0.263974257E-01
 0.119312680E+01 0.121388888E+01 0.122827840E+01 0.124587393E+01 0.126436126E+01
 0.128337216E+01 0.130287063E+01 0.132304168E+01 0.134449148E+01 0.136588192E+01
 0.138753533E+01 0.140990734E+01 0.143340290E+01 0.145768428E+01 0.148236597E+01
 0.150766265E+01 0.153444576E+01 0.156168878E+01 0.158984578E+01 0.161889410E+01
 0.164878786E+01 0.168005502E+01 0.171214151E+01 0.174524224E+01 0.177949452E+01
 0.181510007E+01 0.185188401E+01 0.188998723E+01 0.192946303E+01 0.197036386E+01
 0.201282883E+01 0.205688477E+01 0.210271287E+01 0.215025759E+01 0.219962978E+01
 0.225105548E+01 0.230458736E+01 0.236045027E+01 0.241857028E+01 0.247912526E+01
 0.254244542E+01 0.260865951E+01 0.267796755E+01 0.275024796E+01 0.282603669E+01
 0.290584517E+01 0.298956585E+01 0.307736468E+01 0.316978192E+01 0.326766634E+01
 0.337061167E+01 0.347941518E+01 0.359523273E+01 0.371839714E+01 0.384953642E+01
 0.399107814E+01 0.414201641E+01 0.430616665E+01 0.448545265E+01 0.468266439E+01
 0.490653849E+01 0.516443443E+01 0.547566128E+01 0.592595959E+01 0.786430120E+01
   86   86
 0.109529531E+01 0.000000000E+00 0.109972072E+01 0.100000001E+00 0.110562503E+01
 0.177983016E+00 0.111232901E+01 0.250000000E+00 0.112480319E+01 0.349999994E+00
 0.113348031E+01 0.400000006E+00 0.115549743E+01 0.500000000E+00 0.117004406E+01
 0.550000012E+00 0.118696034E+01 0.600000024E+00 0.121187496E+01 0.664239943E+00
 0.123843753E+01 0.720303535E+00 0.126499999E+01 0.766899705E+00 0.129156256E+01
 0.805239499E+00 0.133221591E+01 0.850000024E+00 0.137125003E+01 0.882064104E+00
 0.140200782E+01 0.899999976E+00 0.145093751E+01 0.920982897E+00 0.150406253E+01
 0.931083202E+00 0.155718756E+01 0.931820333E+00 0.161031246E+01 0.924365044E+00
 0.166343749E+01 0.908505380E+00 0.169000006E+01 0.896970451E+00 0.174312496E+01
 0.871402979E+00 0.177772141E+01 0.850000024E+00 0.182281256E+01 0.819589555E+00
 0.184937501E+01 0.798679888E+00 0.190250003E+01 0.755107403E+00 0.192906249E+01
 0.730520368E+00 0.195972931E+01 0.699999988E+00 0.200486255E+01 0.649999976E+00
 0.203531241E+01 0.613668323E+00 0.206187510E+01 0.578107357E+00 0.208843756E+01
 0.538892150E+00 0.211500001E+01 0.495484918E+00 0.214156246E+01 0.447097898E+00
 0.216812491E+01 0.392731547E+00 0.219468760E+01 0.331026822E+00 0.222125006E+01
 0.259492487E+00 0.223917079E+01 0.200000003E+00 0.225155973E+01 0.150000006E+00
 0.226513314E+01 0.500000007E-01 0.226330066E+01-0.500000007E-01 0.224781251E+01
-0.136200815E+00 0.222976851E+01-0.200000003E+00 0.221087527E+01-0.250000000E+00
 0.218863702E+01-0.300000012E+00 0.216319871E+01-0.349999994E+00 0.213445663E+01
-0.400000006E+00 0.210217690E+01-0.449999988E+00 0.206608248E+01-0.500000000E+00
 0.203531241E+01-0.538072765E+00 0.200874996E+01-0.569341779E+00 0.198081326E+01
-0.600000024E+00 0.193412721E+01-0.649999976E+00 0.190250003E+01-0.682234883E+00
 0.187593746E+01-0.708603680E+00 0.183233142E+01-0.750000000E+00 0.179624999E+01
-0.784699082E+00 0.176968753E+01-0.809790075E+00 0.172543967E+01-0.850000024E+00
 0.169000006E+01-0.883684993E+00 0.166343749E+01-0.908328474E+00 0.161687207E+01
-0.949999988E+00 0.158375001E+01-0.982068360E+00 0.155718756E+01-0.100650644E+01
 0.150767958E+01-0.104999995E+01 0.147663939E+01-0.108039534E+01 0.144921625E+01
-0.110461140E+01 0.141947138E+01-0.104999995E+01 0.139145970E+01-0.100000000E+01
 0.136417460E+01-0.949999988E+00 0.133750451E+01-0.899999976E+00 0.131155670E+01
-0.850000024E+00 0.128651369E+01-0.800000012E+00 0.126262486E+01-0.750000000E+00
 0.123843753E+01-0.695525110E+00 0.121187496E+01-0.633096933E+00 0.118531251E+01
-0.564116299E+00 0.116387355E+01-0.500000000E+00 0.114882445E+01-0.449999988E+00
 0.113218749E+01-0.384064227E+00 0.111513972E+01-0.300000012E+00 0.110562503E+01
-0.232900128E+00 0.109764516E+01-0.150000006E+00 0.109465599E+01-0.500000007E-01
 0.109529531E+01 0.000000000E+00
 0.101600003E+01 0.000000000E+00 0.101600003E+01 0.963999987E+00 0.101600003E+01
 0.967999995E+00 0.101600003E+01 0.100100005E+01 0.101600003E+01 0.101900005E+01
 0.101600003E+01 0.107700002E+01 0.101600003E+01 0.107000005E+01 0.101600003E+01
 0.109599996E+01 0.101600003E+01 0.111300004E+01 0.101600003E+01 0.113800001E+01
 0.101600003E+01 0.114699996E+01 0.101199996E+01 0.116499996E+01 0.100100005E+01
 0.121700001E+01 0.102900004E+01 0.121700001E+01 0.104200006E+01 0.116240001E+01
 0.104600000E+01 0.116237998E+01 0.105599999E+01 0.116260004E+01 0.109700000E+01
 0.116450000E+01 0.110800004E+01 0.116594005E+01 0.111600006E+01 0.116591001E+01
 0.113399994E+01 0.116895998E+01 0.114800000E+01 0.117174995E+01 0.116199994E+01
 0.117556000E+01 0.118099999E+01 0.118299997E+01 0.118200004E+01 0.118350005E+01
 0.118499994E+01 0.118499994E+01 0.119000006E+01 0.118799996E+01 0.119500005E+01
 0.119099998E+01 0.120099998E+01 0.119599998E+01 0.120899999E+01 0.120200002E+01
 0.121500003E+01 0.120799994E+01 0.122200000E+01 0.121399999E+01 0.122800004E+01
 0.122099996E+01 0.123399997E+01 0.123099995E+01 0.123899996E+01 0.123800004E+01
 0.124199998E+01 0.124399996E+01 0.124800003E+01 0.125399995E+01 0.125800002E+01
 0.127800000E+01 0.126300001E+01 0.128999996E+01 0.127999997E+01 0.133099997E+01
 0.127999997E+01 0.134700000E+01 0.127999997E+01 0.134800005E+01 0.130999994E+01
 0.134800005E+01 0.132799995E+01 0.134800005E+01 0.136099994E+01 0.134800005E+01
 0.138000000E+01 0.134800005E+01 0.141900003E+01 0.134800005E+01 0.141900003E+01
 0.130999994E+01 0.137199998E+01 0.130999994E+01 0.137199998E+01 0.129200006E+01
 0.160800004E+01 0.109500003E+01 0.164699996E+01 0.107700002E+01 0.178499997E+01
 0.107700002E+01 0.206999993E+01 0.103999996E+01 0.212800002E+01 0.992999971E+00
 0.224499989E+01 0.708999991E+00 0.232299995E+01 0.518999994E+00 0.237700009E+01
 0.388999999E+00 0.236249995E+01 0.400000006E+00 0.236443496E+01 0.222000003E+00
 0.236496902E+01 0.133000001E+00 0.236532402E+01 0.439999998E-01 0.236512089E+01
-0.439999998E-01 0.236484194E+01-0.133000001E+00 0.236433411E+01-0.222000003E+00
 0.236249995E+01-0.400000006E+00 0.237700009E+01-0.388999999E+00 0.213400006E+01
-0.972999990E+00 0.178600001E+01-0.117400002E+01 0.176800001E+01-0.121099997E+01
 0.176800001E+01-0.125000000E+01 0.168200004E+01-0.125000000E+01 0.137199998E+01
-0.125000000E+01 0.137199998E+01-0.132900000E+01 0.141999996E+01-0.132900000E+01
 0.141999996E+01-0.136300004E+01 0.127300000E+01-0.136300004E+01 0.115300000E+01
-0.136300004E+01 0.101600003E+01-0.122300005E+01 0.101600003E+01-0.122300005E+01
 0.101600003E+01-0.829999983E+00 0.101600003E+01-0.800000012E+00 0.101600003E+01
-0.414999992E+00 0.101600003E+01-0.400000006E+00 0.101600003E+01-0.100000005E-02
 0.101600003E+01 0.000000000E+00
