   EFITD   03/25/2017    #175816  3000             3  65  65
  1.70000005e+00  3.20000005e+00  1.69550002e+00  8.39999974e-01  0.00000000e+00
  1.74358642e+00 -8.98046866e-02 -2.79154420e-01 -1.38448784e-02 -2.00354004e+00
  9.90767000e+05 -2.79154420e-01  0.00000000e+00  1.74358642e+00  0.00000000e+00
 -8.98046866e-02  0.00000000e+00 -1.38448784e-02  0.00000000e+00  0.00000000e+00
 -3.46165156e+00 -3.45745230e+00 -3.45342278e+00 -3.44956064e+00 -3.44586229e+00
 -3.44232512e+00 -3.43894577e+00 -3.43572116e+00 -3.43264818e+00 -3.42972398e+00
 -3.42694473e+00 -3.42430782e+00 -3.42180967e+00 -3.41944718e+00 -3.41721678e+00
 -3.41511536e+00 -3.41313958e+00 -3.41128588e+00 -3.40955114e+00 -3.40793157e+00
 -3.40642405e+00 -3.40502477e+00 -3.40373087e+00 -3.40253830e+00 -3.40144372e+00
 -3.40044379e+00 -3.39953470e+00 -3.39871335e+00 -3.39797568e+00 -3.39731836e+00
 -3.39673805e+00 -3.39623070e+00 -3.39579320e+00 -3.39542174e+00 -3.39511275e+00
 -3.39486265e+00 -3.39466786e+00 -3.39452481e+00 -3.39442968e+00 -3.39437914e+00
 -3.39436936e+00 -3.39439702e+00 -3.39445806e+00 -3.39454937e+00 -3.39466691e+00
 -3.39480734e+00 -3.39496684e+00 -3.39514208e+00 -3.39532924e+00 -3.39552450e+00
 -3.39572477e+00 -3.39592600e+00 -3.39612484e+00 -3.39631748e+00 -3.39650035e+00
 -3.39667010e+00 -3.39682293e+00 -3.39695501e+00 -3.39706302e+00 -3.39714336e+00
 -3.39719224e+00 -3.39720631e+00 -3.39718175e+00 -3.39711499e+00 -3.39700246e+00
  7.55135156e+04  7.40019844e+04  7.25009766e+04  7.10105000e+04  6.95305547e+04
  6.80611328e+04  6.66022344e+04  6.51538711e+04  6.37160352e+04  6.22887266e+04
  6.08719453e+04  5.94656914e+04  5.80699688e+04  5.66847695e+04  5.53101016e+04
  5.39459609e+04  5.25923516e+04  5.12492656e+04  4.99167109e+04  4.85946836e+04
  4.72831836e+04  4.59822109e+04  4.46917656e+04  4.34118516e+04  4.21424648e+04
  4.08836055e+04  3.96352734e+04  3.83974688e+04  3.71701953e+04  3.59534453e+04
  3.47472266e+04  3.35515391e+04  3.23663750e+04  3.11917402e+04  3.00276328e+04
  2.88740547e+04  2.77310039e+04  2.65984824e+04  2.54764883e+04  2.43650215e+04
  2.32640840e+04  2.21736738e+04  2.10937930e+04  2.00244375e+04  1.89656133e+04
  1.79173145e+04  1.68795449e+04  1.58523047e+04  1.48355908e+04  1.38294062e+04
  1.28337490e+04  1.18486201e+04  1.08740195e+04  9.90994629e+03  8.95640137e+03
  8.01338525e+03  7.08089648e+03  6.15893604e+03  5.24750391e+03  4.34659961e+03
  3.45622339e+03  2.57637549e+03  1.70705554e+03  8.48263733e+02  0.00000000e+00
 -3.57812905e+00 -3.43080091e+00 -3.28643012e+00 -3.14501715e+00 -3.00656176e+00
 -2.87106395e+00 -2.73852396e+00 -2.60894132e+00 -2.48231673e+00 -2.35864949e+00
 -2.23794007e+00 -2.12018824e+00 -2.00539422e+00 -1.89355767e+00 -1.78467882e+00
 -1.67875767e+00 -1.57579410e+00 -1.47578824e+00 -1.37874007e+00 -1.28464949e+00
 -1.19351661e+00 -1.10534143e+00 -1.02012384e+00 -9.37863886e-01 -8.58561635e-01
 -7.82216966e-01 -7.08830059e-01 -6.38400733e-01 -5.70929110e-01 -5.06415069e-01
 -4.44858760e-01 -3.86260092e-01 -3.30619067e-01 -2.77935684e-01 -2.28209972e-01
 -1.81441918e-01 -1.37631521e-01 -9.67787802e-02 -5.88836931e-02 -2.39462610e-02
  8.03351402e-03  3.70556340e-02  6.31200969e-02  8.62269029e-02  1.06376052e-01
  1.23567551e-01  1.37801394e-01  1.49077579e-01  1.57396093e-01  1.62756965e-01
  1.65160179e-01  1.64605737e-01  1.61093652e-01  1.54623896e-01  1.45196483e-01
  1.32811427e-01  1.17468700e-01  9.91683230e-02  7.79102892e-02  5.36946021e-02
  2.65212562e-02 -3.60974413e-03 -3.66984010e-02 -7.27447122e-02 -1.11748680e-01
 -3.65893562e+05 -3.63353906e+05 -3.60814250e+05 -3.58274562e+05 -3.55734906e+05
 -3.53195219e+05 -3.50655562e+05 -3.48115906e+05 -3.45576219e+05 -3.43036562e+05
 -3.40496906e+05 -3.37957219e+05 -3.35417562e+05 -3.32877906e+05 -3.30338219e+05
 -3.27798562e+05 -3.25258875e+05 -3.22719219e+05 -3.20179562e+05 -3.17639875e+05
 -3.15100219e+05 -3.12560562e+05 -3.10020875e+05 -3.07481219e+05 -3.04941531e+05
 -3.02401875e+05 -2.99862219e+05 -2.97322531e+05 -2.94782875e+05 -2.92243219e+05
 -2.89703531e+05 -2.87163875e+05 -2.84624219e+05 -2.82084531e+05 -2.79544875e+05
 -2.77005188e+05 -2.74465531e+05 -2.71925875e+05 -2.69386188e+05 -2.66846531e+05
 -2.64306875e+05 -2.61767203e+05 -2.59227531e+05 -2.56687859e+05 -2.54148188e+05
 -2.51608531e+05 -2.49068859e+05 -2.46529188e+05 -2.43989516e+05 -2.41449859e+05
 -2.38910188e+05 -2.36370516e+05 -2.33830859e+05 -2.31291188e+05 -2.28751516e+05
 -2.26211844e+05 -2.23672188e+05 -2.21132516e+05 -2.18592844e+05 -2.16053172e+05
 -2.13513516e+05 -2.10973844e+05 -2.08434172e+05 -2.05894500e+05 -2.03354844e+05
  5.87801309e-03  3.86566273e-03  1.80910109e-03 -2.19488880e-04 -2.06510536e-03
 -3.47270793e-03 -4.08330513e-03 -3.44338384e-03  1.29494490e-03  1.32165607e-02
  2.73246858e-02  4.25797291e-02  5.76594770e-02  6.94542378e-02  7.87465870e-02
  8.58924761e-02  9.10101533e-02  9.40739438e-02  9.48769227e-02  9.29210335e-02
  8.72040540e-02  8.10663849e-02  7.70593584e-02  7.43569359e-02  7.25172013e-02
  7.12888315e-02  7.05126747e-02  7.00743049e-02  6.98769242e-02  6.98305890e-02
  7.02274889e-02  7.11478367e-02  7.25345314e-02  7.43856058e-02  7.66929239e-02
  7.94756189e-02  8.25951025e-02  8.57065991e-02  8.88536870e-02  9.20636952e-02
  9.53537598e-02  9.87338573e-02  1.02207914e-01  1.05774246e-01  1.09426208e-01
  1.13152869e-01  1.16939619e-01  1.20768674e-01  1.24619499e-01  1.28469139e-01
  1.32292688e-01  1.36063769e-01  1.39755130e-01  1.43339381e-01  1.46789849e-01
  1.50081456e-01  1.53191656e-01  1.56101212e-01  1.58794910e-01  1.61262035e-01
  1.63496599e-01  1.65497258e-01  1.67267099e-01  1.68813035e-01  1.70145229e-01
  5.00910974e-04 -2.60390714e-03 -6.07739482e-03 -9.98015609e-03 -1.42429033e-02
 -1.85728781e-02 -2.09612958e-02 -1.85236726e-02 -1.05475578e-02  3.30221513e-03
  1.78667940e-02  3.17146853e-02  4.44836840e-02  5.52314147e-02  6.39944375e-02
  7.09029138e-02  7.60239065e-02  7.93495923e-02  8.08018669e-02  8.02581087e-02
  7.77470320e-02  7.46217221e-02  7.21118897e-02  7.02588931e-02  6.89581484e-02
  6.81060627e-02  6.76152334e-02  6.74098134e-02  6.74157888e-02  6.75599650e-02
  6.81298450e-02  6.92159981e-02  7.07730278e-02  7.27956295e-02  7.52879530e-02
  7.82793686e-02  8.16260353e-02  8.50030631e-02  8.84509683e-02  9.19948295e-02
  9.56485048e-02  9.94186103e-02  1.03306293e-01  1.07307941e-01  1.11415528e-01
  1.15616836e-01  1.19895533e-01  1.24231361e-01  1.28600225e-01  1.32974446e-01
  1.37323052e-01  1.41612411e-01  1.45806909e-01  1.49870113e-01  1.53765976e-01
  1.57460362e-01  1.60922498e-01  1.64126515e-01  1.67052522e-01  1.69687510e-01
  1.72025666e-01  1.74068213e-01  1.75822809e-01  1.77302584e-01  1.78524882e-01
 -4.21663234e-03 -8.11235793e-03 -1.26941195e-02 -1.84315518e-02 -2.54990384e-02
 -2.91426387e-02 -2.82443929e-02 -2.26088259e-02 -1.20958844e-02 -2.68290576e-04
  1.11471787e-02  2.18155105e-02  3.15610170e-02  4.01985124e-02  4.76001464e-02
  5.37095591e-02  5.85123114e-02  6.20184056e-02  6.42697662e-02  6.53758049e-02
  6.55682012e-02  6.52050748e-02  6.46458492e-02  6.41286373e-02  6.37717023e-02
  6.36223257e-02  6.36928156e-02  6.39801770e-02  6.44781739e-02  6.52014613e-02
  6.62487894e-02  6.76842779e-02  6.95158914e-02  7.17444122e-02  7.43691325e-02
  7.73795024e-02  8.06939006e-02  8.41996744e-02  8.78723189e-02  9.17084962e-02
  9.57074761e-02  9.98676866e-02  1.04185358e-01  1.08653776e-01  1.13262765e-01
  1.17998160e-01  1.22841440e-01  1.27769262e-01  1.32753223e-01  1.37759566e-01
  1.42749399e-01  1.47678927e-01  1.52500510e-01  1.57163948e-01  1.61618605e-01
  1.65815815e-01  1.69711545e-01  1.73269063e-01  1.76461130e-01  1.79271445e-01
  1.81695268e-01  1.83738947e-01  1.85418606e-01  1.86758190e-01  1.87787175e-01
 -7.93137401e-03 -1.18737398e-02 -1.62363667e-02 -2.14194562e-02 -2.70932615e-02
 -2.79535931e-02 -2.34377757e-02 -1.63288582e-02 -8.47864524e-03 -2.58644519e-04
  7.98374880e-03  1.59605648e-02  2.34508272e-02  3.02889440e-02  3.63574438e-02
  4.15835716e-02  4.59351912e-02  4.94180657e-02  5.20772859e-02  5.40015511e-02
  5.53235337e-02  5.62071837e-02  5.68211824e-02  5.73122390e-02  5.77922463e-02
  5.83398752e-02  5.90090193e-02  5.98386265e-02  6.08618334e-02  6.21133000e-02
  6.36302754e-02  6.54451400e-02  6.75791577e-02  7.00422898e-02  7.28338510e-02
  7.59412199e-02  7.93401375e-02  8.30027089e-02  8.69073644e-02  9.10407156e-02
  9.53944549e-02  9.99622494e-02  1.04737632e-01  1.09712489e-01  1.14875928e-01
  1.20213255e-01  1.25704959e-01  1.31325707e-01  1.37043282e-01  1.42817765e-01
  1.48600712e-01  1.54335141e-01  1.59956098e-01  1.65392473e-01  1.70570120e-01
  1.75416008e-01  1.79863423e-01  1.83856934e-01  1.87356845e-01  1.90342054e-01
  1.92810982e-01  1.94780469e-01  1.96282834e-01  1.97361693e-01  1.98067367e-01
 -1.14333229e-02 -1.48779806e-02 -1.76802147e-02 -2.00501867e-02 -2.15120241e-02
 -1.94323305e-02 -1.57155041e-02 -1.09104337e-02 -5.40128490e-03  5.07898687e-04
  6.56318851e-03  1.25526367e-02  1.83042102e-02  2.36839075e-02  2.85935421e-02
  3.29686292e-02  3.67765091e-02  4.00147475e-02  4.27097119e-02  4.49144542e-02
  4.67045680e-02  4.81709614e-02  4.94103245e-02  5.05157523e-02  5.15701957e-02
  5.26437871e-02  5.37944287e-02  5.50701655e-02  5.65119945e-02  5.81559725e-02
  6.00338355e-02  6.21722452e-02  6.45916611e-02  6.73056841e-02  7.03210458e-02
  7.36381188e-02  7.72524029e-02  8.11568052e-02  8.53440464e-02  8.98080245e-02
  9.45439264e-02  9.95476320e-02  1.04814701e-01  1.10339373e-01  1.16113432e-01
  1.22124955e-01  1.28356889e-01  1.34785339e-01  1.41377598e-01  1.48089856e-01
  1.54864922e-01  1.61630332e-01  1.68297604e-01  1.74763575e-01  1.80914819e-01
  1.86635405e-01  1.91817015e-01  1.96369782e-01  2.00231433e-01  2.03373343e-01
  2.05802247e-01  2.07557410e-01  2.08703667e-01  2.09321976e-01  2.09499642e-01
 -1.73499174e-02 -2.13020723e-02 -2.08216589e-02 -1.90530550e-02 -1.70908570e-02
 -1.45045975e-02 -1.12353945e-02 -7.39837857e-03 -3.15098814e-03  1.34875614e-03
  5.95431728e-03  1.05355382e-02  1.49814514e-02  1.92019604e-02  2.31286492e-02
  2.67149173e-02  2.99356114e-02  3.27861905e-02  3.52813564e-02  3.74529548e-02
  3.93469408e-02  4.10194397e-02  4.25322279e-02  4.39483523e-02  4.53285947e-02
  4.67291884e-02  4.82007787e-02  4.97883670e-02  5.15317060e-02  5.34657687e-02
  5.56210205e-02  5.80234155e-02  6.06943071e-02  6.36504367e-02  6.69041350e-02
  7.04638436e-02  7.43349344e-02  7.85206705e-02  8.30232054e-02  8.78443345e-02
  9.29857865e-02  9.84492749e-02  1.04236126e-01  1.10346727e-01  1.16779685e-01
  1.23530678e-01  1.30590856e-01  1.37944609e-01  1.45566493e-01  1.53417096e-01
  1.61437616e-01  1.69543624e-01  1.77619055e-01  1.85513154e-01  1.93044513e-01
  2.00015560e-01  2.06235841e-01  2.11547181e-01  2.15843648e-01  2.19083816e-01
  2.21294850e-01  2.22566411e-01  2.23033488e-01  2.22852200e-01  2.22176999e-01
 -2.07289029e-02 -2.49002948e-02 -2.28541214e-02 -1.88544150e-02 -1.52842319e-02
 -1.18720355e-02 -8.45005922e-03 -4.95198881e-03 -1.37625157e-03  2.24329066e-03
  5.85623458e-03  9.40717198e-03  1.28428517e-02  1.61167551e-02  1.91920176e-02
  2.20432002e-02  2.46571768e-02  2.70333029e-02  2.91829333e-02  3.11283208e-02
  3.29009518e-02  3.45394388e-02  3.60871553e-02  3.75898927e-02  3.90937924e-02
  4.06437032e-02  4.22820821e-02  4.40483354e-02  4.59785089e-02  4.81051728e-02
  5.04573882e-02  5.30607440e-02  5.59374169e-02  5.91063164e-02  6.25833645e-02
  6.63818642e-02  7.05130547e-02  7.49866739e-02  7.98115656e-02  8.49962011e-02
  9.05490741e-02  9.64789540e-02  1.02794945e-01  1.09506413e-01  1.16622642e-01
  1.24152169e-01  1.32101700e-01  1.40474156e-01  1.49265423e-01  1.58459023e-01
  1.68017283e-01  1.77867502e-01  1.87881574e-01  1.97851568e-01  2.07474649e-01
  2.16376349e-01  2.24184915e-01  2.30603501e-01  2.35442400e-01  2.38632992e-01
  2.40243092e-01  2.40481704e-01  2.39655599e-01  2.38086000e-01  2.36047760e-01
 -2.01316997e-02 -2.42407154e-02 -2.15014517e-02 -1.68626718e-02 -1.27740903e-02
 -9.08966549e-03 -5.69309155e-03 -2.49853288e-03  5.48103359e-04  3.47458501e-03
  6.28963578e-03  8.98982491e-03  1.15653137e-02  1.40043851e-02  1.62968505e-02
  1.84364989e-02  2.04227176e-02  2.22614147e-02  2.39653066e-02  2.55536865e-02
  2.70517394e-02  2.84895226e-02  2.99007390e-02  3.13214101e-02  3.27886268e-02
  3.43393981e-02  3.60097773e-02  3.78341600e-02  3.98448259e-02  4.20716554e-02
  4.45419960e-02  4.72806245e-02  5.03098369e-02  5.36495969e-02  5.73177971e-02
  6.13305755e-02  6.57027364e-02  7.04482123e-02  7.55805671e-02  8.11135173e-02
  8.70614499e-02  9.34399292e-02  1.00266173e-01  1.07559584e-01  1.15342133e-01
  1.23638861e-01  1.32478103e-01  1.41891479e-01  1.51913241e-01  1.62577912e-01
  1.73914656e-01  1.85933381e-01  1.98591620e-01  2.11717770e-01  2.24864900e-01
  2.37082943e-01  2.47501090e-01  2.55645275e-01  2.61222750e-01  2.64078915e-01
  2.64234245e-01  2.62149900e-01  2.58779645e-01  2.54809290e-01  2.50668705e-01
 -1.60111208e-02 -1.99432690e-02 -1.72030497e-02 -1.25201829e-02 -8.48470908e-03
 -4.99909138e-03 -1.96032040e-03  7.26197031e-04  3.13823880e-03  5.33455750e-03
  7.35652493e-03  9.23159998e-03  1.09772915e-02  1.26048997e-02  1.41227143e-02
  1.55385602e-02  1.68616921e-02  1.81040950e-02  1.92812271e-02  2.04123296e-02
  2.15203315e-02  2.26314534e-02  2.37746090e-02  2.49806438e-02  2.62815095e-02
  2.77094506e-02  2.92962622e-02  3.10726892e-02  3.30679715e-02  3.53095420e-02
  3.78228761e-02  4.06314917e-02  4.37570438e-02  4.72195223e-02  5.10374717e-02
  5.52283004e-02  5.98086119e-02  6.47946596e-02  7.02028498e-02  7.60503113e-02
  8.23555812e-02  8.91393274e-02  9.64252725e-02  1.04241252e-01  1.12620525e-01
  1.21603474e-01  1.31239817e-01  1.41591623e-01  1.52737364e-01  1.64777979e-01
  1.77845761e-01  1.92119092e-01  2.07850367e-01  2.25436926e-01  2.45229572e-01
  2.63196141e-01  2.77596027e-01  2.88318753e-01  2.95136869e-01  2.97554612e-01
  2.95427442e-01  2.87944794e-01  2.79495269e-01  2.71725178e-01  2.64737606e-01
 -8.63068830e-03 -1.23439711e-02 -9.78045445e-03 -5.41548617e-03 -1.87524315e-03
  9.67205793e-04  3.25792097e-03  5.12475241e-03  6.67067803e-03  7.97447469e-03
  9.09439288e-03  1.00726271e-02  1.09396223e-02  1.17178345e-02  1.24248639e-02
  1.30759384e-02  1.36858169e-02  1.42701585e-02  1.48464385e-02  1.54344561e-02
  1.60565302e-02  1.67374276e-02  1.75040904e-02  1.83851738e-02  1.94103997e-02
  2.06097569e-02  2.20127907e-02  2.36480311e-02  2.55425479e-02  2.77216695e-02
  3.02088466e-02  3.30257826e-02  3.61927114e-02  3.97287011e-02  4.36518304e-02
  4.79794070e-02  5.27282618e-02  5.79151437e-02  6.35572523e-02  6.96728677e-02
  7.62820765e-02  8.34077075e-02  9.10764188e-02  9.93201286e-02  1.08177826e-01
  1.17698044e-01  1.27942190e-01  1.38989404e-01  1.50943547e-01  1.63943946e-01
  1.78182229e-01  1.93930134e-01  2.11585671e-01  2.31742322e-01  2.55229980e-01
  2.79355645e-01  2.98261940e-01  3.11883062e-01  3.20332706e-01  3.23519230e-01
  3.20654541e-01  3.11267853e-01  2.97216266e-01  2.85469353e-01  2.75754154e-01
  2.47382489e-03 -9.99653013e-04  1.56159024e-03  5.11178281e-03  7.50603620e-03
  9.09553561e-03  1.01285214e-02  1.07761500e-02  1.11551816e-02  1.13460450e-02
  1.14049036e-02  1.13715949e-02  1.12750670e-02  1.11372592e-02  1.09759793e-02
  1.08070523e-02  1.06459334e-02  1.05088744e-02  1.04137072e-02  1.03803128e-02
  1.04308277e-02  1.05896732e-02  1.08835576e-02  1.13413204e-02  1.19932462e-02
  1.28695453e-02  1.39994361e-02  1.54106319e-02  1.71289276e-02  1.91777945e-02
  2.15781238e-02  2.43485942e-02  2.75069587e-02  3.10705379e-02  3.50561440e-02
  3.94799225e-02  4.43574488e-02  4.97041494e-02  5.55358529e-02  6.18694164e-02
  6.87234551e-02  7.61192292e-02  8.40817019e-02  9.26408991e-02  1.01833574e-01
  1.11705467e-01  1.22314304e-01  1.33733869e-01  1.46059617e-01  1.59416631e-01
  1.73970312e-01  1.89940751e-01  2.07619950e-01  2.27388188e-01  2.49724627e-01
  2.75059223e-01  2.96765804e-01  3.12603235e-01  3.22776616e-01  3.27345550e-01
  3.26446772e-01  3.19284976e-01  3.05694312e-01  2.91759312e-01  2.80773610e-01
  2.03424376e-02  1.79629996e-02  1.88752487e-02  1.98589899e-02  1.97768081e-02
  1.92014370e-02  1.83622129e-02  1.73721667e-02  1.62952952e-02  1.51711963e-02
  1.40259387e-02  1.28776459e-02  1.17398240e-02  1.06235649e-02  9.53915808e-03
  8.49732291e-03  7.51015311e-03  6.59181597e-03  5.75899426e-03  5.03106695e-03
  4.43002023e-03  3.98005964e-03  3.70832416e-03  3.64633417e-03  3.83032695e-03
  4.29388275e-03  5.06757945e-03  6.17962237e-03  7.65580498e-03  9.51842312e-03
  1.17844101e-02  1.44646605e-02  1.75726935e-02  2.11243127e-02  2.51355562e-02
  2.96210442e-02  3.45935673e-02  4.00653072e-02  4.60485667e-02  5.25562726e-02
  5.96026033e-02  6.72036856e-02  7.53784031e-02  8.41492638e-02  9.35434923e-02
  1.03594281e-01  1.14342317e-01  1.25837594e-01  1.38141438e-01  1.51328623e-01
  1.65489152e-01  1.80728853e-01  1.97167829e-01  2.14936346e-01  2.34174028e-01
  2.55074322e-01  2.76451796e-01  2.92107850e-01  3.02794278e-01  3.08903605e-01
  3.10252219e-01  3.07211310e-01  2.99128324e-01  2.87189037e-01  2.77788132e-01
  4.60295454e-02  4.68922891e-02  4.22984697e-02  3.73280421e-02  3.34224217e-02
  3.00417449e-02  2.69824397e-02  2.41479650e-02  2.14848574e-02  1.89602133e-02
  1.65523887e-02  1.42468028e-02  1.20339356e-02  9.90844611e-03  7.86884595e-03
  5.91751048e-03  4.06085001e-03  2.30953889e-03  6.78645505e-04 -8.12482729e-04
 -2.14048591e-03 -3.28379334e-03 -4.21975553e-03 -4.91512800e-03 -5.30160498e-03
 -5.34125417e-03 -5.00460248e-03 -4.26300755e-03 -3.08705028e-03 -1.44928833e-03
  6.65290921e-04  3.22901434e-03  6.25250163e-03  9.75737162e-03  1.37646990e-02
  1.82889663e-02  2.33357809e-02  2.89114751e-02  3.50231007e-02  4.16774973e-02
  4.88820113e-02  5.66449985e-02  6.49762377e-02  7.38872215e-02  8.33914056e-02
  9.35043395e-02  1.04243606e-01  1.15628406e-01  1.27678424e-01  1.40411407e-01
  1.53838634e-01  1.67956427e-01  1.82731047e-01  1.98070705e-01  2.13770732e-01
  2.29394048e-01  2.44061321e-01  2.56615281e-01  2.66360432e-01  2.73071617e-01
  2.76731551e-01  2.77473480e-01  2.75668979e-01  2.72143662e-01  2.68064737e-01
  6.40717819e-02  6.59946501e-02  5.94059117e-02  5.16667068e-02  4.51640375e-02
  3.95500660e-02  3.45809907e-02  3.00909895e-02  2.59668846e-02  2.21295506e-02
  1.85224041e-02  1.51044726e-02  1.18462378e-02  8.72711744e-03  5.73400455e-03
  2.86052865e-03  1.06873391e-04 -2.51997588e-03 -5.00588957e-03 -7.33037526e-03
 -9.44812596e-03 -1.13504408e-02 -1.30525474e-02 -1.46047436e-02 -1.56747904e-02
 -1.62994098e-02 -1.64776091e-02 -1.61860455e-02 -1.53820124e-02 -1.39963292e-02
 -1.19103100e-02 -9.47718881e-03 -6.59109978e-03 -3.18343402e-03  7.93141837e-04
  5.36062103e-03  1.04832416e-02  1.61615293e-02  2.24006251e-02  2.91987378e-02
  3.65546420e-02  4.44675386e-02  5.29370643e-02  6.19628765e-02  7.15441555e-02
  8.16788673e-02  9.23626944e-02  1.03587434e-01  1.15338393e-01  1.27590507e-01
  1.40302330e-01  1.53407156e-01  1.66799918e-01  1.80319145e-01  1.93724766e-01
  2.06680551e-01  2.18766361e-01  2.29547292e-01  2.38672242e-01  2.45931998e-01
  2.51267105e-01  2.54762620e-01  2.56645650e-01  2.57264197e-01  2.57014632e-01
  7.42565170e-02  7.63468221e-02  6.97686449e-02  6.10762313e-02  5.33216968e-02
  4.63815294e-02  4.01141159e-02  3.43923196e-02  2.91099492e-02  2.41814870e-02
  1.95393953e-02  1.51310563e-02  1.09160775e-02  6.86416682e-03  2.95360177e-03
 -8.29684141e-04 -4.49217996e-03 -8.03135522e-03 -1.14308381e-02 -1.47333490e-02
 -1.76545382e-02 -2.02456117e-02 -2.25220956e-02 -2.44710650e-02 -2.60347966e-02
 -2.71801390e-02 -2.78787389e-02 -2.81005353e-02 -2.78126355e-02 -2.69820206e-02
 -2.55853217e-02 -2.36374103e-02 -2.11070888e-02 -1.79371852e-02 -1.40410708e-02
 -9.27665737e-03 -4.05480620e-03  1.73253997e-03  8.12948681e-03  1.50988773e-02
  2.26314608e-02  3.07172071e-02  3.93470414e-02  4.85105179e-02  5.81948906e-02
  6.83840066e-02  7.90569708e-02  9.01864171e-02  1.01736069e-01  1.13657534e-01
  1.25886023e-01  1.38335019e-01  1.50890306e-01  1.63404122e-01  1.75692275e-01
  1.87537596e-01  1.98704243e-01  2.08962992e-01  2.18120992e-01  2.26046026e-01
  2.32680053e-01  2.38041952e-01  2.42220789e-01  2.45358661e-01  2.47624248e-01
  8.02376047e-02  8.23611915e-02  7.53859356e-02  6.62356168e-02  5.78760877e-02
  5.02259918e-02  4.31889556e-02  3.66674736e-02  3.05720419e-02  2.48251017e-02
  1.93617754e-02  1.41290454e-02  9.08432063e-03  4.19387221e-03 -5.68736228e-04
 -5.22438250e-03 -9.79073998e-03 -1.42859975e-02 -1.84348281e-02 -2.22810786e-02
 -2.58075967e-02 -2.90077757e-02 -3.18710096e-02 -3.43775228e-02 -3.64976861e-02
 -3.82000543e-02 -3.94525267e-02 -4.02223878e-02 -4.04768400e-02 -4.01842780e-02
 -3.93160619e-02 -3.78468074e-02 -3.57451104e-02 -3.29735614e-02 -2.94923410e-02
 -2.52691545e-02 -2.03082059e-02 -1.45421131e-02 -7.83033669e-03 -6.33534801e-04
  7.13335443e-03  1.54449213e-02  2.42915973e-02  3.36559638e-02  4.35170941e-02
  5.38490750e-02  6.46202713e-02  7.57921413e-02  8.73177275e-02  9.91397947e-02
  1.11188605e-01  1.23379581e-01  1.35611340e-01  1.47764817e-01  1.59704536e-01
  1.71282917e-01  1.82348385e-01  1.92756206e-01  2.02380434e-01  2.11124256e-01
  2.18926877e-01  2.25765660e-01  2.31653571e-01  2.36632556e-01  2.40763992e-01
  8.22509378e-02  8.42509121e-02  7.69688636e-02  6.76610917e-02  5.91092855e-02
  5.11976033e-02  4.38190810e-02  3.68779562e-02  3.02926693e-02  2.39951257e-02
  1.79290008e-02  1.20479688e-02  6.31417893e-03  6.97013165e-04 -4.82784724e-03
 -1.02792978e-02 -1.56728365e-02 -2.07385756e-02 -2.54911669e-02 -2.99391542e-02
 -3.40784229e-02 -3.78978215e-02 -4.13798578e-02 -4.45007570e-02 -4.72312346e-02
 -4.95383181e-02 -5.13867512e-02 -5.27400374e-02 -5.35614081e-02 -5.38147055e-02
 -5.34650721e-02 -5.24790026e-02 -5.08234650e-02 -4.84660864e-02 -4.53762896e-02
 -4.15268838e-02 -3.68940271e-02 -3.14474069e-02 -2.51558293e-02 -1.80119798e-02
 -9.89896711e-03 -1.30751717e-03  7.83643778e-03  1.74928531e-02  2.76377220e-02
  3.82376201e-02  4.92541976e-02  6.06427789e-02  7.23521337e-02  8.43239278e-02
  9.64918137e-02  1.08780563e-01  1.21105470e-01  1.33372590e-01  1.45480022e-01
  1.57320499e-01  1.68785214e-01  1.79768562e-01  1.90173000e-01  1.99913368e-01
  2.08919853e-01  2.17139453e-01  2.24535987e-01  2.31088936e-01  2.36791939e-01
  7.97701329e-02  8.13745409e-02  7.44961575e-02  6.55072480e-02  5.72702438e-02
  4.95674498e-02  4.22525220e-02  3.52314003e-02  2.84382273e-02  2.18230914e-02
  1.53460791e-02  8.97418242e-03  2.67958804e-03 -3.56114446e-03 -9.76651534e-03
 -1.59458239e-02 -2.18334999e-02 -2.74416152e-02 -3.27751674e-02 -3.78319919e-02
 -4.26021777e-02 -4.70687188e-02 -5.12081087e-02 -5.49910106e-02 -5.83831109e-02
 -6.13462068e-02 -6.38393983e-02 -6.58202171e-02 -6.72457889e-02 -6.80738091e-02
 -6.82635307e-02 -6.77764118e-02 -6.65766671e-02 -6.46317974e-02 -6.19131103e-02
 -5.83961122e-02 -5.40601648e-02 -4.88874391e-02 -4.28632945e-02 -3.59768793e-02
 -2.82155015e-02 -1.95877925e-02 -9.98570491e-03  6.45899709e-05  1.06263915e-02
  2.16426123e-02  3.30729894e-02  4.48674113e-02  5.69722615e-02  6.93312511e-02
  8.18847194e-02  9.45688263e-02  1.07315019e-01  1.20049953e-01  1.32695913e-01
  1.45171717e-01  1.57393843e-01  1.69277668e-01  1.80738598e-01  1.91692621e-01
  2.02056676e-01  2.11748868e-01  2.20689282e-01  2.28801981e-01  2.36018956e-01
  7.24553689e-02  7.30459690e-02  6.72125518e-02  5.99449947e-02  5.28804287e-02
  4.59093526e-02  3.90097611e-02  3.21675204e-02  2.53695045e-02  1.86024923e-02
  1.18530802e-02  5.10760443e-03 -1.64856692e-03 -8.43331497e-03 -1.52738011e-02
 -2.18814667e-02 -2.82604750e-02 -3.44134048e-02 -4.03375104e-02 -4.60232981e-02
 -5.14540747e-02 -5.66060580e-02 -6.14487939e-02 -6.59458041e-02 -7.00554177e-02
 -7.37318099e-02 -7.69261271e-02 -7.95878172e-02 -8.16658810e-02 -8.31102431e-02
 -8.38729739e-02 -8.39095041e-02 -8.31796080e-02 -8.16482753e-02 -7.92863965e-02
 -7.60711059e-02 -7.19857663e-02 -6.70197085e-02 -6.11676611e-02 -5.44290245e-02
 -4.68064509e-02 -3.83050926e-02 -2.89261006e-02 -1.86904185e-02 -7.49397511e-03
  4.09392687e-03  1.61259566e-02  2.85238754e-02  4.12288457e-02  5.41891120e-02
  6.73547089e-02  8.06750730e-02  9.40980166e-02  1.07569151e-01  1.21031679e-01
  1.34426013e-01  1.47689164e-01  1.60753638e-01  1.73545405e-01  1.85981184e-01
  1.97964832e-01  2.09384039e-01  2.20108777e-01  2.29994088e-01  2.38889650e-01
  6.28751963e-02  6.20326400e-02  5.83781153e-02  5.32590039e-02  4.74929437e-02
  4.13331576e-02  3.49182338e-02  2.83220448e-02  2.15853993e-02  1.47314267e-02
  7.77344545e-03  7.19647214e-04 -6.42336020e-03 -1.36468876e-02 -2.09354106e-02
 -2.80149095e-02 -3.49110104e-02 -4.16316912e-02 -4.81727757e-02 -5.45202978e-02
 -6.06515855e-02 -6.65359274e-02 -7.21352324e-02 -7.74047077e-02 -8.22937563e-02
 -8.67470726e-02 -9.07059163e-02 -9.41095799e-02 -9.68969241e-02 -9.90080684e-02
 -1.00386024e-01 -1.00978285e-01 -1.00738265e-01 -9.96264964e-02 -9.76115689e-02
 -9.46706906e-02 -9.07897875e-02 -8.59632492e-02 -8.01931396e-02 -7.34880865e-02
 -6.58616424e-02 -5.73303886e-02 -4.79116105e-02 -3.76219451e-02 -2.64706090e-02
 -1.44856935e-02 -1.56371680e-03  1.16539244e-02  2.51475554e-02  3.88890803e-02
  5.28466962e-02  6.69869557e-02  8.12756941e-02  9.56783816e-02  1.10159956e-01
  1.24684252e-01  1.39212519e-01  1.53700888e-01  1.68095976e-01  1.82328239e-01
  1.96302205e-01  2.09883630e-01  2.22885743e-01  2.35061228e-01  2.46114075e-01
  5.75818084e-02  5.63132465e-02  5.27540706e-02  4.80338596e-02  4.27385233e-02
  3.69689427e-02  3.08129881e-02  2.43385844e-02  1.75951663e-02  1.06178559e-02
  3.43152392e-03 -3.94564541e-03 -1.14982957e-02 -1.92074198e-02 -2.68174149e-02
 -3.43280956e-02 -4.17392217e-02 -4.90450785e-02 -5.62324263e-02 -6.32797480e-02
 -7.01570064e-02 -7.68257454e-02 -8.32393616e-02 -8.93437341e-02 -9.50780809e-02
 -1.00376084e-01 -1.05167329e-01 -1.09379008e-01 -1.12937778e-01 -1.15771823e-01
 -1.17812932e-01 -1.18998535e-01 -1.19273603e-01 -1.18592285e-01 -1.16919138e-01
 -1.14229918e-01 -1.10511832e-01 -1.05763227e-01 -9.99926105e-02 -9.32171792e-02
 -8.54607671e-02 -7.67511800e-02 -6.71171769e-02 -5.65847605e-02 -4.51725759e-02
 -3.28867361e-02 -1.97061561e-02 -5.59379952e-03  8.79219454e-03  2.34304294e-02
  3.82998399e-02  5.33807389e-02  6.86556920e-02  8.41101483e-02  9.97327566e-02
  1.15515225e-01  1.31451413e-01  1.47535235e-01  1.63756326e-01  1.80092305e-01
  1.96494401e-01  2.12861776e-01  2.28996575e-01  2.44532332e-01  2.58856893e-01
  5.43759763e-02  5.28401434e-02  4.90713418e-02  4.43330258e-02  3.90832685e-02
  3.33606265e-02  2.72112563e-02  2.06794962e-02  1.38038406e-02  6.61538821e-03
 -8.62646557e-04 -8.61593150e-03 -1.66431125e-02 -2.46606078e-02 -3.26641053e-02
 -4.06503268e-02 -4.86130677e-02 -5.65404855e-02 -6.44133314e-02 -7.22038969e-02
 -7.98753873e-02 -8.73816907e-02 -9.46675166e-02 -1.01668835e-01 -1.08313739e-01
 -1.14523679e-01 -1.20215036e-01 -1.25301108e-01 -1.29694358e-01 -1.33308917e-01
 -1.36063159e-01 -1.37882262e-01 -1.38700739e-01 -1.38464421e-01 -1.37132227e-01
 -1.34677172e-01 -1.31086826e-01 -1.26362935e-01 -1.20520398e-01 -1.13585375e-01
 -1.05592839e-01 -9.65834409e-02 -8.65999013e-02 -7.56829008e-02 -6.38666227e-02
 -5.11740074e-02 -3.76118869e-02 -2.31685489e-02 -7.81038031e-03  7.80226151e-03
  2.36553308e-02  3.97398658e-02  5.60529232e-02  7.25987256e-02  8.93898979e-02
  1.06448710e-01  1.23808213e-01  1.41513184e-01  1.59620628e-01  1.78199083e-01
  1.97325349e-01  2.17074603e-01  2.37489909e-01  2.58449584e-01  2.78750986e-01
  5.24969399e-02  5.07415608e-02  4.68518436e-02  4.19577807e-02  3.65598314e-02
  3.06820888e-02  2.43550744e-02  1.76109709e-02  1.04800751e-02  2.98913335e-03
 -4.83826501e-03 -1.29784336e-02 -2.13983096e-02 -2.98335720e-02 -3.83062400e-02
 -4.68238890e-02 -5.53837568e-02 -6.39737248e-02 -7.25721493e-02 -8.11473504e-02
 -8.96571279e-02 -9.80484858e-02 -1.06257692e-01 -1.14210665e-01 -1.21823855e-01
 -1.29005551e-01 -1.35657713e-01 -1.41678214e-01 -1.46963552e-01 -1.51411831e-01
 -1.54925957e-01 -1.57416865e-01 -1.58806592e-01 -1.59030944e-01 -1.58041716e-01
 -1.55808136e-01 -1.52317449e-01 -1.47574708e-01 -1.41601458e-01 -1.34433731e-01
 -1.26119062e-01 -1.16712943e-01 -1.06274642e-01 -9.48628113e-02 -8.25307816e-02
 -6.93218559e-02 -5.52647784e-02 -4.03694473e-02 -2.46225242e-02 -7.98247755e-03
  8.88885371e-03  2.59901769e-02  4.33292612e-02  6.09249771e-02  7.88098499e-02
  9.70328301e-02  1.15662813e-01  1.34793475e-01  1.54550284e-01  1.75100908e-01
  1.96671665e-01  2.19576359e-01  2.44275659e-01  2.71515846e-01  3.00060183e-01
  5.19881845e-02  5.00712246e-02  4.59903032e-02  4.08546962e-02  3.51816081e-02
  2.90034935e-02  2.23549660e-02  1.52680632e-02  7.76934810e-03 -1.21426732e-04
 -8.39272421e-03 -1.70445014e-02 -2.58016083e-02 -3.46624702e-02 -4.36320566e-02
 -5.27128056e-02 -6.19005337e-02 -7.11822510e-02 -8.05347562e-02 -8.99235457e-02
 -9.93020758e-02 -1.08611248e-01 -1.17779382e-01 -1.26722485e-01 -1.35345191e-01
 -1.43542111e-01 -1.51199892e-01 -1.58199862e-01 -1.64421111e-01 -1.69744149e-01
 -1.74054682e-01 -1.77247643e-01 -1.79230914e-01 -1.79928795e-01 -1.79284707e-01
 -1.77263185e-01 -1.73850730e-01 -1.69055641e-01 -1.62906617e-01 -1.55450448e-01
 -1.46748573e-01 -1.36872947e-01 -1.25901401e-01 -1.13912545e-01 -1.00980669e-01
 -8.71706381e-02 -7.25329518e-02 -5.70990145e-02 -4.08764705e-02 -2.38443129e-02
 -5.94745064e-03  1.21463761e-02  3.04490235e-02  4.89856750e-02  6.77998140e-02
  8.69558379e-02  1.06542930e-01  1.26681373e-01  1.47532344e-01  1.69312522e-01
  1.92315236e-01  2.16939807e-01  2.43726179e-01  2.73379058e-01  3.05236340e-01
  5.30444346e-02  5.10518998e-02  4.66150120e-02  4.11120132e-02  3.50033231e-02
  2.83636581e-02  2.12513637e-02  1.37053235e-02  5.75070595e-03 -2.59634177e-03
 -1.13259666e-02 -2.04338562e-02 -2.96483710e-02 -3.89977954e-02 -4.85011898e-02
 -5.81685416e-02 -6.79999739e-02 -7.79847056e-02 -8.80999491e-02 -9.83098894e-02
 -1.08564772e-01 -1.18800364e-01 -1.28937677e-01 -1.38883293e-01 -1.48530155e-01
 -1.57759130e-01 -1.66441247e-01 -1.74440593e-01 -1.81618080e-01 -1.87835515e-01
 -1.92960247e-01 -1.96869954e-01 -1.99457154e-01 -2.00633511e-01 -2.00333193e-01
 -1.98515356e-01 -1.95165440e-01 -1.90294981e-01 -1.83940232e-01 -1.76159397e-01
 -1.67028740e-01 -1.56637892e-01 -1.45084396e-01 -1.32468045e-01 -1.18885137e-01
 -1.04422793e-01 -8.91536847e-02 -7.31311366e-02 -5.63845411e-02 -3.89150865e-02
 -2.06915047e-02 -1.64536282e-03  1.75350737e-02  3.68646681e-02  5.63898869e-02
  7.61785731e-02  9.63199958e-02  1.16929531e-01  1.38156667e-01  1.60197005e-01
  1.83310002e-01  2.07845941e-01  2.34287664e-01  2.63310343e-01  2.94460446e-01
  5.58483154e-02  5.38953431e-02  4.91719171e-02  4.29157130e-02  3.60326841e-02
  2.87022423e-02  2.09740102e-02  1.28658200e-02  4.38434631e-03 -4.46725171e-03
 -1.36834001e-02 -2.32463479e-02 -3.29269134e-02 -4.27705273e-02 -5.28073423e-02
 -6.30547926e-02 -7.35180527e-02 -8.41894895e-02 -9.50477272e-02 -1.06056578e-01
 -1.17164060e-01 -1.28301665e-01 -1.39383927e-01 -1.50308684e-01 -1.60957798e-01
 -1.71198815e-01 -1.80887386e-01 -1.89870507e-01 -1.97990745e-01 -2.05091000e-01
 -2.11019889e-01 -2.15637296e-01 -2.18819872e-01 -2.20466092e-01 -2.20500395e-01
 -2.18876258e-01 -2.15577781e-01 -2.10619748e-01 -2.04046026e-01 -1.95926517e-01
 -1.86352715e-01 -1.75432280e-01 -1.63282916e-01 -1.50025889e-01 -1.35779589e-01
 -1.20653316e-01 -1.04741476e-01 -8.81185234e-02 -7.08344355e-02 -5.29111139e-02
 -3.43400575e-02 -1.50827505e-02  4.92196856e-03  2.48813517e-02  4.48825881e-02
  6.49981126e-02  8.53025913e-02  1.05880633e-01  1.26831368e-01  1.48272336e-01
  1.70343488e-01  1.93213120e-01  2.17091843e-01  2.42293701e-01  2.68827379e-01
  6.15051128e-02  6.02721535e-02  5.37834726e-02  4.58189696e-02  3.78422998e-02
  2.96891965e-02  2.12832820e-02  1.25808567e-02  3.55016254e-03 -5.83735202e-03
 -1.56135671e-02 -2.55314205e-02 -3.56220342e-02 -4.59194258e-02 -5.64523414e-02
 -6.72403798e-02 -7.82916844e-02 -8.96011591e-02 -1.01148956e-01 -1.12898998e-01
 -1.24797747e-01 -1.36773229e-01 -1.48734465e-01 -1.60571486e-01 -1.72156110e-01
 -1.83343604e-01 -1.93975210e-01 -2.03881800e-01 -2.12888449e-01 -2.20819935e-01
 -2.27506712e-01 -2.32791439e-01 -2.36535251e-01 -2.38623694e-01 -2.38971591e-01
 -2.37526745e-01 -2.34271884e-01 -2.29224876e-01 -2.22436994e-01 -2.13989511e-01
 -2.03988731e-01 -1.92559883e-01 -1.79840192e-01 -1.65971681e-01 -1.51093960e-01
 -1.35337368e-01 -1.18816666e-01 -1.01625361e-01 -8.38304609e-02 -6.54672012e-02
 -4.65326644e-02 -2.69754585e-02 -6.67496864e-03  1.35971196e-02  3.38135026e-02
  5.39906770e-02  7.41615891e-02  9.43640992e-02  1.14634149e-01  1.34998351e-01
  1.55461654e-01  1.75983444e-01  1.96427286e-01  2.16450423e-01  2.35320568e-01
  6.51230142e-02  6.40308559e-02  5.68628758e-02  4.82277535e-02  3.95755358e-02
  3.08091044e-02  2.18546335e-02  1.26543082e-02  3.16159776e-03 -6.66312827e-03
 -1.68554559e-02 -2.71628890e-02 -3.76473516e-02 -4.83580455e-02 -5.93326315e-02
 -7.05967918e-02 -8.21631327e-02 -9.40297544e-02 -1.06178761e-01 -1.18574671e-01
 -1.31163061e-01 -1.43869296e-01 -1.56597942e-01 -1.69232532e-01 -1.81636304e-01
 -1.93653882e-01 -2.05113947e-01 -2.15833098e-01 -2.25620955e-01 -2.34285980e-01
 -2.41642416e-01 -2.47517303e-01 -2.51757771e-01 -2.54237562e-01 -2.54862756e-01
 -2.53576010e-01 -2.50358790e-01 -2.45231703e-01 -2.38252804e-01 -2.29513749e-01
 -2.19134361e-01 -2.07255825e-01 -1.94033191e-01 -1.79627299e-01 -1.64197102e-01
 -1.47892192e-01 -1.30846322e-01 -1.13171645e-01 -9.49540734e-02 -7.62497038e-02
 -5.70827276e-02 -3.74460816e-02 -1.73085760e-02  3.36080231e-03  2.37212051e-02
  4.38308045e-02  6.37213066e-02  8.34063962e-02  1.02881774e-01  1.22119613e-01
  1.41057730e-01  1.59583017e-01  1.77509487e-01  1.94558263e-01  2.10360602e-01
  6.68483227e-02  6.57230988e-02  5.87354526e-02  4.98572811e-02  4.08813581e-02
  3.17664035e-02  2.24619303e-02  1.29195014e-02  3.09459423e-03 -7.05333846e-03
 -1.75614525e-02 -2.81836540e-02 -3.89898829e-02 -5.00369072e-02 -6.13686219e-02
 -7.30156675e-02 -8.49944949e-02 -9.73060653e-02 -1.09934323e-01 -1.22844547e-01
 -1.35981828e-01 -1.49269730e-01 -1.62609458e-01 -1.75879613e-01 -1.88936755e-01
 -2.01617151e-01 -2.13739485e-01 -2.25109026e-01 -2.35522881e-01 -2.44776472e-01
 -2.52670795e-01 -2.59020299e-01 -2.63660610e-01 -2.66455978e-01 -2.67305315e-01
 -2.66147107e-01 -2.62961775e-01 -2.57772386e-01 -2.50642627e-01 -2.41672799e-01
 -2.30993897e-01 -2.18760386e-01 -2.05142021e-01 -1.90315291e-01 -1.74455136e-01
 -1.57727167e-01 -1.40280813e-01 -1.22243494e-01 -1.03715792e-01 -8.47676918e-02
 -6.54354393e-02 -4.57187891e-02 -2.55775023e-02 -4.92495997e-03  1.53492270e-02
  3.52556743e-02  5.47932088e-02  7.39492625e-02  9.26964879e-02  1.10987738e-01
  1.28750071e-01  1.45878896e-01  1.62234023e-01  1.77641481e-01  1.91904888e-01
  6.81054965e-02  6.69801608e-02  5.98658808e-02  5.08871153e-02  4.17825393e-02
  3.25128920e-02  2.30350848e-02  1.33065414e-02  3.28681991e-03 -7.06215948e-03
 -1.77764408e-02 -2.86114719e-02 -3.96396071e-02 -5.09204380e-02 -6.25006706e-02
 -7.44135007e-02 -8.66775960e-02 -9.92956907e-02 -1.12252936e-01 -1.25515178e-01
 -1.39027283e-01 -1.52711704e-01 -1.66467547e-01 -1.80170134e-01 -1.93671688e-01
 -2.06802860e-01 -2.19375700e-01 -2.31187791e-01 -2.42027849e-01 -2.51682371e-01
 -2.59943485e-01 -2.66616970e-01 -2.71530777e-01 -2.74542600e-01 -2.75546640e-01
 -2.74478585e-01 -2.71318436e-01 -2.66091019e-01 -2.58864194e-01 -2.49744371e-01
 -2.38870606e-01 -2.26406783e-01 -2.12533072e-01 -1.97437122e-01 -1.81305334e-01
 -1.64314866e-01 -1.46626636e-01 -1.28379390e-01 -1.09684959e-01 -9.06242803e-02
 -7.12439269e-02 -5.15518002e-02 -3.15099210e-02 -1.10195670e-02  9.10276361e-03
  2.87820157e-02  4.79820445e-02  6.66752383e-02  8.48285854e-02  1.02396704e-01
  1.19318247e-01  1.35514513e-01  1.50890514e-01  1.65339142e-01  1.78749114e-01
  6.87557235e-02  6.76283166e-02  6.03742748e-02  5.14271073e-02  4.23556753e-02
  3.30958739e-02  2.35994831e-02  1.38263460e-02  3.74086457e-03 -6.69043604e-03
 -1.75001305e-02 -2.84397192e-02 -3.95804383e-02 -5.09812273e-02 -6.26886189e-02
 -7.47360289e-02 -8.71425644e-02 -9.99114290e-02 -1.13028206e-01 -1.26458958e-01
 -1.40148506e-01 -1.54018879e-01 -1.67968318e-01 -1.81870788e-01 -1.95576668e-01
 -2.08914205e-01 -2.21692577e-01 -2.33706012e-01 -2.44739592e-01 -2.54575968e-01
 -2.63003379e-01 -2.69823939e-01 -2.74862260e-01 -2.77973384e-01 -2.79049635e-01
 -2.78025746e-01 -2.74881840e-01 -2.69643962e-01 -2.62382090e-01 -2.53205955e-01
 -2.42258623e-01 -2.29708701e-01 -2.15741664e-01 -2.00550780e-01 -1.84328392e-01
 -1.67257845e-01 -1.49506494e-01 -1.31220102e-01 -1.12518497e-01 -9.34928209e-02
 -7.42043108e-02 -5.46850674e-02 -3.49420160e-02 -1.49668828e-02  5.24096610e-03
  2.47905273e-02  4.37193774e-02  6.20345995e-02  7.97222406e-02  9.67518687e-02
  1.13079242e-01  1.28648683e-01  1.43396020e-01  1.57252640e-01  1.70150697e-01
  6.82178512e-02  6.69762716e-02  6.01550974e-02  5.15224114e-02  4.27058712e-02
  3.36250216e-02  2.42464226e-02  1.45478202e-02  4.50687436e-03 -5.90138277e-03
 -1.67048257e-02 -2.76477225e-02 -3.87961119e-02 -5.02046086e-02 -6.19168729e-02
 -7.39645809e-02 -8.63658264e-02 -9.91233215e-02 -1.12222403e-01 -1.25629142e-01
 -1.39288515e-01 -1.53122857e-01 -1.67030841e-01 -1.80887103e-01 -1.94542766e-01
 -2.07827061e-01 -2.20550254e-01 -2.32507929e-01 -2.43486524e-01 -2.53270268e-01
 -2.61648953e-01 -2.68426359e-01 -2.73428619e-01 -2.76512176e-01 -2.77570635e-01
 -2.76539713e-01 -2.73400307e-01 -2.68178880e-01 -2.60945708e-01 -2.51810402e-01
 -2.40915760e-01 -2.28430033e-01 -2.14538261e-01 -1.99433312e-01 -1.83307290e-01
 -1.66343480e-01 -1.48709580e-01 -1.30552024e-01 -1.11991815e-01 -9.31217745e-02
 -7.40053058e-02 -5.46772107e-02 -3.51476111e-02 -1.54118408e-02  4.52674925e-03
  2.37767734e-02  4.23745178e-02  6.03273883e-02  7.76239112e-02  9.42389444e-02
  1.10136956e-01  1.25274792e-01  1.39604613e-01  1.53077066e-01  1.65645167e-01
  6.67007565e-02  6.49896711e-02  5.92964068e-02  5.15548810e-02  4.31525037e-02
  3.43259685e-02  2.51299590e-02  1.55764297e-02  5.65965148e-03 -4.63724462e-03
 -1.53425382e-02 -2.62097493e-02 -3.72798666e-02 -4.85974811e-02 -6.02018684e-02
 -7.21224770e-02 -8.43760818e-02 -9.69645604e-02 -1.09872848e-01 -1.23067014e-01
 -1.36492550e-01 -1.50072917e-01 -1.63708583e-01 -1.77276790e-01 -1.90632015e-01
 -2.03607768e-01 -2.16019377e-01 -2.27668196e-01 -2.38347083e-01 -2.47847080e-01
 -2.55964875e-01 -2.62510985e-01 -2.67317802e-01 -2.70247221e-01 -2.71197081e-01
 -2.70106047e-01 -2.66956300e-01 -2.61774153e-01 -2.54627943e-01 -2.45624021e-01
 -2.34900743e-01 -2.22620860e-01 -2.08963364e-01 -1.94114760e-01 -1.78260759e-01
 -1.61578551e-01 -1.44230023e-01 -1.26356199e-01 -1.08072549e-01 -8.94653574e-02
 -7.05881864e-02 -5.14575988e-02 -3.20459045e-02 -1.22663965e-02  7.05689844e-03
  2.58416701e-02  4.40469198e-02  6.16441295e-02  7.86053538e-02  9.48987454e-02
  1.10487506e-01  1.25330582e-01  1.39384463e-01  1.52605668e-01  1.64953589e-01
  6.81917146e-02  6.68608323e-02  6.05114512e-02  5.24728112e-02  4.41196598e-02
  3.54226120e-02  2.63795741e-02  1.69901978e-02  7.25072995e-03 -2.84466264e-03
 -1.32996636e-02 -2.41066515e-02 -3.50533538e-02 -4.62027118e-02 -5.76009750e-02
 -6.92797452e-02 -8.12560469e-02 -9.35313627e-02 -1.06090359e-01 -1.18899301e-01
 -1.31904647e-01 -1.45031810e-01 -1.58184364e-01 -1.71243951e-01 -1.84070900e-01
 -1.96505904e-01 -2.08372936e-01 -2.19483182e-01 -2.29640335e-01 -2.38646850e-01
 -2.46311054e-01 -2.52454698e-01 -2.56920576e-01 -2.59579360e-01 -2.60335892e-01
 -2.59133220e-01 -2.55955458e-01 -2.50827879e-01 -2.43815213e-01 -2.35017627e-01
 -2.24565133e-01 -2.12610573e-01 -1.99321821e-01 -1.84873700e-01 -1.69440150e-01
 -1.53186977e-01 -1.36265472e-01 -1.18807077e-01 -1.00919113e-01 -8.26813430e-02
 -6.41431138e-02 -4.53203954e-02 -2.61917133e-02 -6.69108564e-03  1.22780986e-02
  3.07107940e-02  4.85921502e-02  6.59003109e-02  8.26068074e-02  9.86767486e-02
  1.14069380e-01  1.28739312e-01  1.42638475e-01  1.55718595e-01  1.67934448e-01
  6.92966357e-02  6.80881590e-02  6.18170127e-02  5.37834167e-02  4.54783402e-02
  3.68834026e-02  2.79819872e-02  1.87618509e-02  9.21244174e-03 -6.76620635e-04
 -1.09163048e-02 -2.15194393e-02 -3.22370157e-02 -4.31227684e-02 -5.42180426e-02
 -6.55512065e-02 -7.71368816e-02 -8.89749080e-02 -1.01049080e-01 -1.13325797e-01
 -1.25752807e-01 -1.38258204e-01 -1.50749877e-01 -1.63115442e-01 -1.75223127e-01
 -1.86923370e-01 -1.98051691e-01 -2.08432391e-01 -2.17883497e-01 -2.26222605e-01
 -2.33273298e-01 -2.38872111e-01 -2.42875248e-01 -2.45164961e-01 -2.45654836e-01
 -2.44293645e-01 -2.41067559e-01 -2.36000299e-01 -2.29151383e-01 -2.20612511e-01
 -2.10502312e-01 -1.98960021e-01 -1.86138317e-01 -1.72195956e-01 -1.57290608e-01
 -1.41572148e-01 -1.25176921e-01 -1.08222857e-01 -9.08058807e-02 -7.29974136e-02
 -5.48433438e-02 -3.63650285e-02 -1.75637621e-02  1.56745478e-03  2.01684758e-02
  3.82702649e-02  5.58740199e-02  7.29629174e-02  8.95073041e-02  1.05467081e-01
  1.20793141e-01  1.35428846e-01  1.49312213e-01  1.62379056e-01  1.74567208e-01
  7.06421807e-02  6.95847794e-02  6.31453320e-02  5.52136526e-02  4.70358729e-02
  3.85904014e-02  2.98627168e-02  2.08394248e-02  1.15078222e-02  1.85498304e-03
 -8.13323259e-03 -1.84728839e-02 -2.88957804e-02 -3.94489914e-02 -5.01674563e-02
 -6.10745400e-02 -7.21812770e-02 -8.34851712e-02 -9.49689299e-02 -1.06599197e-01
 -1.18325457e-01 -1.30079240e-01 -1.41773716e-01 -1.53303906e-01 -1.64547488e-01
 -1.75366625e-01 -1.85610443e-01 -1.95118755e-01 -2.03726381e-01 -2.11268529e-01
 -2.17586488e-01 -2.22533777e-01 -2.25982115e-01 -2.27826834e-01 -2.27991521e-01
 -2.26431221e-01 -2.23134279e-01 -2.18122303e-01 -2.11448550e-01 -2.03194529e-01
 -1.93465382e-01 -1.82384118e-01 -1.70085251e-01 -1.56708166e-01 -1.42390624e-01
 -1.27262726e-01 -1.11441620e-01 -9.50269029e-02 -7.80971199e-02 -6.07070401e-02
 -4.28858101e-02 -2.46357173e-02 -5.93118183e-03  1.24890916e-02  3.05809006e-02
  4.83176038e-02  6.56739473e-02  8.26192796e-02  9.91141275e-02  1.15108110e-01
  1.30538523e-01  1.45329833e-01  1.59394830e-01  1.72638103e-01  1.84962273e-01
  7.14590102e-02  7.05064908e-02  6.44730404e-02  5.67150116e-02  4.87179123e-02
  4.04699184e-02  3.19575407e-02  2.31689736e-02  1.40931709e-02  4.71830880e-03
 -4.97054122e-03 -1.49955880e-02 -2.50896774e-02 -3.52740362e-02 -4.55723554e-02
 -5.60022369e-02 -6.65713698e-02 -7.72754326e-02 -8.80965441e-02 -9.90021899e-02
 -1.09944262e-01 -1.20858490e-01 -1.31664276e-01 -1.42265007e-01 -1.52549058e-01
 -1.62391439e-01 -1.71656340e-01 -1.80200338e-01 -1.87876433e-01 -1.94538668e-01
 -2.00047240e-01 -2.04273716e-01 -2.07106099e-01 -2.08453462e-01 -2.08249763e-01
 -2.06456468e-01 -2.03063965e-01 -1.98091373e-01 -1.91584975e-01 -1.83615178e-01
 -1.74272403e-01 -1.63661972e-01 -1.51898459e-01 -1.39099762e-01 -1.25381365e-01
 -1.10850774e-01 -9.56026390e-02 -7.97143802e-02 -6.32425174e-02 -4.62195426e-02
 -2.86511891e-02 -1.05137993e-02  7.49067590e-03  2.53333487e-02  4.29858454e-02
  6.04216531e-02  7.76131600e-02  9.45277810e-02  1.11123793e-01  1.27345756e-01
  1.43119588e-01  1.58347711e-01  1.72905937e-01  1.86644763e-01  1.99398428e-01
  7.24512413e-02  7.16343373e-02  6.57866374e-02  5.82473353e-02  5.04849777e-02
  4.24795225e-02  3.42191830e-02  2.56983750e-02  1.69137530e-02  7.86269736e-03
 -1.45615393e-03 -1.10396864e-02 -2.08712015e-02 -3.07004023e-02 -4.05685976e-02
 -5.04988506e-02 -6.05002195e-02 -7.05687627e-02 -8.06873590e-02 -9.08252373e-02
 -1.00937493e-01 -1.10964797e-01 -1.20833479e-01 -1.30456030e-01 -1.39732108e-01
 -1.48550257e-01 -1.56790167e-01 -1.64325640e-01 -1.71028122e-01 -1.76770702e-01
 -1.81432515e-01 -1.84903070e-01 -1.87086508e-01 -1.87905401e-01 -1.87303796e-01
 -1.85249314e-01 -1.81734085e-01 -1.76774457e-01 -1.70409516e-01 -1.62698314e-01
 -1.53716236e-01 -1.43550485e-01 -1.32295087e-01 -1.20045677e-01 -1.06894240e-01
 -9.29241329e-02 -7.82054663e-02 -6.27909526e-02 -4.67121825e-02 -2.99761128e-02
 -1.25616351e-02  4.85160667e-03  2.22418569e-02  3.95896956e-02  5.68777360e-02
  7.40899295e-02  9.12097394e-02  1.08217075e-01  1.25083804e-01  1.41767070e-01
  1.58199713e-01  1.74276277e-01  1.89835370e-01  2.04643354e-01  2.18396664e-01
  7.34842718e-02  7.27889910e-02  6.69825524e-02  5.97990751e-02  5.23471944e-02
  4.46131974e-02  3.66157070e-02  2.83686258e-02  1.98799931e-02  1.11536952e-02
  2.19039456e-03 -7.01315934e-03 -1.64684579e-02 -2.59014759e-02 -3.53218205e-02
 -4.47410084e-02 -5.41639403e-02 -6.35855943e-02 -7.29895234e-02 -8.23470950e-02
 -9.16171074e-02 -1.00745678e-01 -1.09666489e-01 -1.18301421e-01 -1.26561627e-01
 -1.34349167e-01 -1.41559064e-01 -1.48081943e-01 -1.53807148e-01 -1.58626094e-01
 -1.62435949e-01 -1.65143222e-01 -1.66667253e-01 -1.66943207e-01 -1.65924445e-01
 -1.63584083e-01 -1.59915656e-01 -1.54932618e-01 -1.48666948e-01 -1.41166657e-01
 -1.32492542e-01 -1.22714251e-01 -1.11905769e-01 -1.00140743e-01 -8.74876380e-02
 -7.40050822e-02 -5.97374886e-02 -4.47112620e-02 -2.89311372e-02 -1.23763597e-02
  4.28831112e-03  2.10444201e-02  3.78782377e-02  5.47808148e-02  7.17480332e-02
  8.87804776e-02  1.05882771e-01  1.23062193e-01  1.40325874e-01  1.57675654e-01
  1.75098345e-01  1.92546591e-01  2.09898621e-01  2.26869911e-01  2.42867082e-01
  7.42302462e-02  7.35937282e-02  6.85565323e-02  6.17119744e-02  5.44531196e-02
  4.69073504e-02  3.91227528e-02  3.11213303e-02  2.29148287e-02  1.45103466e-02
  5.91303129e-03 -2.87170289e-03 -1.18345087e-02 -2.09530424e-02 -2.99604237e-02
 -3.88866514e-02 -4.77434695e-02 -5.65290451e-02 -6.52294680e-02 -7.38192275e-02
 -8.22613984e-02 -9.05078948e-02 -9.84999165e-02 -1.06168725e-01 -1.13436714e-01
 -1.20218948e-01 -1.26425043e-01 -1.31961510e-01 -1.36734322e-01 -1.40651822e-01
 -1.43627718e-01 -1.45583987e-01 -1.46453619e-01 -1.46182984e-01 -1.44733638e-01
 -1.42083392e-01 -1.38226688e-01 -1.33174062e-01 -1.26950696e-01 -1.19594343e-01
 -1.11152314e-01 -1.01678021e-01 -9.12269279e-02 -7.98521712e-02 -6.75998107e-02
 -5.45039959e-02 -4.05820757e-02 -2.58323736e-02 -1.02311512e-02  5.56617836e-03
  2.15421766e-02  3.76849063e-02  5.39886393e-02  7.04547688e-02  8.70929509e-02
  1.03922412e-01  1.20973475e-01  1.38289347e-01  1.55928135e-01  1.73965171e-01
  1.92495972e-01  2.11640641e-01  2.31554851e-01  2.52478540e-01  2.74409711e-01
  7.69921020e-02  7.68987983e-02  7.13761449e-02  6.41101152e-02  5.67610487e-02
  4.92775552e-02  4.16418873e-02  3.38504910e-02  2.59044524e-02  1.78061482e-02
  9.55800246e-03  1.16156321e-03 -7.38429511e-03 -1.60884261e-02 -2.46606711e-02
 -3.31000015e-02 -4.14080545e-02 -4.95805480e-02 -5.76043613e-02 -6.54566512e-02
 -7.31047094e-02 -8.05062130e-02 -8.76097456e-02 -9.43555683e-02 -1.00676738e-01
 -1.06500462e-01 -1.11749820e-01 -1.16345763e-01 -1.20209299e-01 -1.23263873e-01
 -1.25437781e-01 -1.26666531e-01 -1.26894936e-01 -1.26078904e-01 -1.24186791e-01
 -1.21200129e-01 -1.17113732e-01 -1.11935064e-01 -1.05683021e-01 -9.83859524e-02
 -9.00791511e-02 -8.08017850e-02 -7.05933347e-02 -5.94895817e-02 -4.75175418e-02
 -3.46900597e-02 -2.09909063e-02 -6.38584374e-03  8.47591367e-03  2.35779732e-02
  3.89075093e-02  5.44569194e-02  7.02255294e-02  8.62214640e-02  1.02463849e-01
  1.18985564e-01  1.35836869e-01  1.53090209e-01  1.70847014e-01  1.89247310e-01
  2.08483815e-01  2.28823349e-01  2.50639915e-01  2.74462342e-01  2.99920589e-01
  7.88372606e-02  7.89939612e-02  7.33894855e-02  6.61494210e-02  5.88520654e-02
  5.14701679e-02  4.39905636e-02  3.64064947e-02  2.87158042e-02  2.09191851e-02
  1.30190374e-02  5.01912646e-03 -3.07472725e-03 -1.12516554e-02 -1.94866564e-02
 -2.74921954e-02 -3.52914073e-02 -4.28886637e-02 -5.02755009e-02 -5.74330725e-02
 -6.43333122e-02 -7.09396675e-02 -7.72078261e-02 -8.30865428e-02 -8.85187089e-02
 -9.34425816e-02 -9.77933332e-02 -1.01504691e-01 -1.04510836e-01 -1.06748261e-01
 -1.08157754e-01 -1.08686201e-01 -1.08288191e-01 -1.06927373e-01 -1.04577377e-01
 -1.01222254e-01 -9.68564376e-02 -9.14840996e-02 -8.51179883e-02 -7.77777806e-02
 -6.94879293e-02 -6.02752566e-02 -5.01660928e-02 -3.91844250e-02 -2.73446813e-02
 -1.46773765e-02 -1.07870169e-03  1.28184864e-02  2.70025581e-02  4.14580181e-02
  5.61710857e-02  7.11328164e-02  8.63414630e-02  1.01804659e-01  1.17542066e-01
  1.33588552e-01  1.49998561e-01  1.66852042e-01  1.84262723e-01  2.02390134e-01
  2.21456483e-01  2.41769925e-01  2.63751835e-01  2.87955582e-01  3.13844800e-01
  7.96774030e-02  7.99746513e-02  7.47665390e-02  6.76812977e-02  6.05240650e-02
  5.32997772e-02  4.60061505e-02  3.86428498e-02  3.12114451e-02  2.37148367e-02
  1.61565673e-02  8.54009297e-03  8.67762545e-04 -6.86136866e-03 -1.46572385e-02
 -2.22128779e-02 -2.95227431e-02 -3.65797989e-02 -4.33725379e-02 -4.98833060e-02
 -5.60876429e-02 -6.19542561e-02 -6.74454346e-02 -7.25177526e-02 -7.71229938e-02
 -8.12092572e-02 -8.47222954e-02 -8.76068994e-02 -8.98084417e-02 -9.12743881e-02
 -9.19558108e-02 -9.18088034e-02 -9.07956436e-02 -8.88857767e-02 -8.60564187e-02
 -8.22927803e-02 -7.75879174e-02 -7.19420314e-02 -6.53614402e-02 -5.78570627e-02
 -4.94424328e-02 -4.01323885e-02 -2.99360920e-02 -1.88800935e-02 -6.86379336e-03
  5.54668391e-03  1.84058994e-02  3.16425227e-02  4.52093929e-02  5.90722300e-02
  7.32053965e-02  8.75907987e-02  1.02218181e-01  1.17086321e-01  1.32204801e-01
  1.47596523e-01  1.63300946e-01  1.79378450e-01  1.95916340e-01  2.13037476e-01
  2.30913639e-01  2.49788463e-01  2.70024091e-01  2.92209625e-01  3.15347910e-01
  8.03106800e-02  8.07882845e-02  7.56404996e-02  6.87090084e-02  6.17203638e-02
  5.46758436e-02  4.75810170e-02  4.04434130e-02  3.32711935e-02  2.60722749e-02
  1.88539289e-02  1.16228182e-02  4.38531954e-03 -2.85164872e-03 -1.00785997e-02
 -1.72779188e-02 -2.41671484e-02 -3.07403803e-02 -3.69908325e-02 -4.29062024e-02
 -4.84675877e-02 -5.36496602e-02 -5.84212504e-02 -6.27461821e-02 -6.65842146e-02
 -6.98920637e-02 -7.26245493e-02 -7.47357905e-02 -7.61804357e-02 -7.69148618e-02
 -7.68983141e-02 -7.60939270e-02 -7.44695663e-02 -7.19984546e-02 -6.86595514e-02
 -6.44376650e-02 -5.93231246e-02 -5.33111840e-02 -4.64007705e-02 -3.85939032e-02
 -2.98895221e-02 -2.03057416e-02 -9.74312797e-03  1.27068220e-03  1.27934348e-02
  2.47663017e-02  3.71507928e-02  4.99031581e-02  6.29817396e-02  7.63489455e-02
  8.99717957e-02  1.03822313e-01  1.17878117e-01  1.32123247e-01  1.46549270e-01
  1.61156490e-01  1.75955251e-01  1.90967157e-01  2.06225798e-01  2.21776754e-01
  2.37675413e-01  2.53979951e-01  2.70728737e-01  2.87840933e-01  3.04368556e-01
  8.04192945e-02  8.10481831e-02  7.59921074e-02  6.92355558e-02  6.24209084e-02
  5.55483177e-02  4.86372784e-02  4.17089649e-02  3.47812623e-02  2.78680455e-02
  2.09799614e-02  1.41255083e-02  7.31214788e-03  5.47568139e-04 -6.15863129e-03
 -1.27923014e-02 -1.93305835e-02 -2.54662391e-02 -3.12160123e-02 -3.65788974e-02
 -4.15430553e-02 -4.60890755e-02 -5.01917675e-02 -5.38213402e-02 -5.69444299e-02
 -5.95250688e-02 -6.15256503e-02 -6.29079416e-02 -6.36340380e-02 -6.36673197e-02
 -6.29732162e-02 -6.15198985e-02 -5.92787080e-02 -5.62244840e-02 -5.23358583e-02
 -4.75953184e-02 -4.19887565e-02 -3.55055071e-02 -2.81330328e-02 -1.98787730e-02
 -1.06401248e-02 -9.11143143e-04  9.36969928e-03  2.01527327e-02  3.14060450e-02
  4.30908203e-02  5.51666766e-02  6.75914139e-02  8.03221315e-02  9.33162868e-02
  1.06532440e-01  1.19930916e-01  1.33474454e-01  1.47128850e-01  1.60863519e-01
  1.74651816e-01  1.88470885e-01  2.02300459e-01  2.16120005e-01  2.29902864e-01
  2.43605241e-01  2.57145882e-01  2.70369977e-01  2.82989413e-01  2.94509262e-01
  7.96984211e-02  8.03609714e-02  7.58030787e-02  6.93369210e-02  6.26610368e-02
  5.58878258e-02  4.90958765e-02  4.23298851e-02  3.56157236e-02  2.89689377e-02
  2.23991796e-02  1.59126632e-02  9.51353088e-03  3.20440414e-03 -3.01404041e-03
 -9.14533623e-03 -1.52036063e-02 -2.08670888e-02 -2.61226427e-02 -3.09578571e-02
 -3.53583544e-02 -3.93064618e-02 -4.27808277e-02 -4.57566604e-02 -4.82062325e-02
 -5.00995554e-02 -5.14051616e-02 -5.20908609e-02 -5.21245226e-02 -5.14748022e-02
 -5.01116626e-02 -4.80066314e-02 -4.51326706e-02 -4.14635614e-02 -3.69747430e-02
 -3.16444598e-02 -2.54493412e-02 -1.83858890e-02 -1.03462432e-02 -1.79366802e-03
  7.33961258e-03  1.70146581e-02  2.72083934e-02  3.78900394e-02  4.90257293e-02
  6.05776906e-02  7.25045949e-02  8.47617760e-02  9.73015800e-02  1.10073879e-01
  1.23026535e-01  1.36105984e-01  1.49257839e-01  1.62427634e-01  1.75561279e-01
  1.88605547e-01  2.01507732e-01  2.14214474e-01  2.26669058e-01  2.38806561e-01
  2.50546187e-01  2.61780798e-01  2.72364885e-01  2.82106966e-01  2.90777475e-01
  8.04296881e-02  8.17941502e-02  7.65898749e-02  6.94812909e-02  6.24937750e-02
  5.55908382e-02  4.87992465e-02  4.21349853e-02  3.56060565e-02  2.92158145e-02
  2.29650214e-02  1.68531500e-02  1.08792335e-02  5.04240487e-03 -6.57639874e-04
 -6.21994771e-03 -1.16404397e-02 -1.69062726e-02 -2.17175987e-02 -2.60627344e-02
 -2.99318805e-02 -3.33125591e-02 -3.61885875e-02 -3.85402665e-02 -4.03449014e-02
 -4.15774956e-02 -4.22113873e-02 -4.22188789e-02 -4.15719114e-02 -4.02428210e-02
 -3.82050350e-02 -3.54330428e-02 -3.19018811e-02 -2.75787767e-02 -2.24286001e-02
 -1.64365079e-02 -9.48873535e-03 -2.02031131e-03  6.04366092e-03  1.46755837e-02
  2.38627568e-02  3.35847996e-02  4.38178480e-02  5.45335002e-02  6.56987280e-02
  7.72755966e-02  8.92209858e-02  1.01486385e-01  1.14017792e-01  1.26755670e-01
  1.39635190e-01  1.52586579e-01  1.65535942e-01  1.78406194e-01  1.91118374e-01
  2.03592986e-01  2.15751097e-01  2.27515072e-01  2.38808200e-01  2.49553442e-01
  2.59670824e-01  2.69074589e-01  2.77671039e-01  2.85359561e-01  2.92039037e-01
  8.03438872e-02  8.22104961e-02  7.66341239e-02  6.87557533e-02  6.13164082e-02
  5.42189553e-02  4.74074036e-02  4.08495590e-02  3.45243104e-02  2.84159929e-02
  2.25121938e-02  1.68029331e-02  1.12803737e-02  5.93875675e-03  7.74524524e-04
 -4.21323301e-03 -9.02169663e-03 -1.36420885e-02 -1.80557277e-02 -2.19320524e-02
 -2.52845697e-02 -2.81117316e-02 -3.04037910e-02 -3.21458280e-02 -3.33193243e-02
 -3.39031331e-02 -3.38740498e-02 -3.32071148e-02 -3.18756849e-02 -2.98530832e-02
 -2.71152016e-02 -2.36397032e-02 -1.94306951e-02 -1.44257750e-02 -8.49511195e-03
 -2.04573735e-03  5.00341365e-03  1.26344142e-02  2.08439678e-02  2.96219662e-02
  3.89554724e-02  4.88276258e-02  5.92173450e-02  7.00987875e-02  8.14407393e-02
  9.32058543e-02  1.05349891e-01  1.17820911e-01  1.30558446e-01  1.43492877e-01
  1.56545073e-01  1.69626459e-01  1.82639793e-01  1.95480749e-01  2.08040401e-01
  2.20208496e-01  2.31877357e-01  2.42945611e-01  2.53321648e-01  2.62925774e-01
  2.71691173e-01  2.79563725e-01  2.86501110e-01  2.92472303e-01  2.97458082e-01
  7.73399472e-02  7.92648569e-02  7.37486407e-02  6.57808557e-02  5.82707897e-02
  5.11928536e-02  4.45019715e-02  3.81571166e-02  3.21233608e-02  2.63718944e-02
  2.08794549e-02  1.56276263e-02  1.06021333e-02  5.79214143e-03  1.18954165e-03
 -3.21194832e-03 -7.41825718e-03 -1.14380131e-02 -1.52896876e-02 -1.86317731e-02
 -2.14408878e-02 -2.37036925e-02 -2.54076533e-02 -2.65383124e-02 -2.70789694e-02
 -2.70110182e-02 -2.63140071e-02 -2.49653626e-02 -2.29333788e-02 -2.01822110e-02
 -1.66913662e-02 -1.23526827e-02 -7.52458116e-03 -2.10995227e-03  3.93392798e-03
  1.05777923e-02  1.78171508e-02  2.56463531e-02  3.40601280e-02  4.30515148e-02
  5.26111424e-02  6.27264753e-02  7.33810589e-02  8.45536441e-02  9.62171853e-02
  1.08337596e-01  1.20872274e-01  1.33768484e-01  1.46961525e-01  1.60372928e-01
  1.73908889e-01  1.87459320e-01  2.00897947e-01  2.14084134e-01  2.26866901e-01
  2.39091218e-01  2.50606388e-01  2.61275381e-01  2.70983756e-01  2.79646724e-01
  2.87212759e-01  2.93664157e-01  2.99013674e-01  3.03299040e-01  3.06576163e-01
  7.21330047e-02  7.41088614e-02  6.82328567e-02  6.03161752e-02  5.29725738e-02
  4.61406372e-02  3.97689827e-02  3.38059068e-02  2.82051377e-02  2.29280833e-02
  1.79439969e-02  1.32291857e-02  8.76589585e-03  4.54117311e-03  5.45832328e-04
 -3.22639290e-03 -6.77936571e-03 -1.01142041e-02 -1.32264579e-02 -1.60961263e-02
 -1.83724277e-02 -2.00653058e-02 -2.11705845e-02 -2.16765516e-02 -2.15678047e-02
 -2.08283458e-02 -1.94412768e-02 -1.74103323e-02 -1.46794189e-02 -1.11328103e-02
 -7.11397734e-03 -2.54042796e-03  2.58840760e-03  8.29010084e-03  1.45790689e-02
  2.14596987e-02  2.89345291e-02  3.70047353e-02  4.56703864e-02  5.49301244e-02
  6.47807196e-02  7.52164647e-02  8.62283781e-02  9.78032649e-02  1.09922357e-01
  1.22559704e-01  1.35679960e-01  1.49235785e-01  1.63164482e-01  1.77384272e-01
  1.91790268e-01  2.06250548e-01  2.20603600e-01  2.34658346e-01  2.48198673e-01
  2.60993987e-01  2.72815883e-01  2.83458710e-01  2.92760223e-01  3.00617576e-01
  3.06995571e-01  3.11926484e-01  3.15500975e-01  3.17852229e-01  3.19136202e-01
  6.35060742e-02  6.52266517e-02  5.97234666e-02  5.20861000e-02  4.51490916e-02
  3.88253257e-02  3.30206007e-02  2.76553165e-02  2.26674452e-02  1.80107094e-02
  1.36515237e-02  9.56607796e-03  5.73795522e-03  2.15625367e-03 -1.18590856e-03
 -4.29268600e-03 -7.16685364e-03 -9.81167983e-03 -1.22344093e-02 -1.44541394e-02
 -1.61166377e-02 -1.71962231e-02 -1.76744256e-02 -1.75290983e-02 -1.67354718e-02
 -1.52810793e-02 -1.30763296e-02 -1.04342569e-02 -7.26769771e-03 -3.53506254e-03
  7.45318306e-04  5.57907624e-03  1.09733734e-02  1.69380512e-02  2.34832019e-02
  3.06175742e-02  3.83489318e-02  4.66843136e-02  5.56301624e-02  6.51922598e-02
  7.53755197e-02  8.61836001e-02  9.76183340e-02  1.09678827e-01  1.22360229e-01
  1.35651872e-01  1.49534762e-01  1.63978010e-01  1.78933963e-01  1.94331869e-01
  2.10069507e-01  2.26003423e-01  2.41938159e-01  2.57617563e-01  2.72722900e-01
  2.86885887e-01  2.99721688e-01  3.10878456e-01  3.20087790e-01  3.27200502e-01
  3.32202226e-01  3.35211396e-01  3.36459458e-01  3.36252719e-01  3.34920853e-01
  5.15254475e-02  5.28472774e-02  4.75620739e-02  4.05759364e-02  3.45098116e-02
  2.91153435e-02  2.42201872e-02  1.97184682e-02  1.55454390e-02  1.16611961e-02
  8.04123282e-03  4.67098132e-03  1.54255587e-03 -1.34723785e-03 -3.99815431e-03
 -6.40731491e-03 -8.56973603e-03 -1.04786539e-02 -1.21256076e-02 -1.34998644e-02
 -1.45856449e-02 -1.50498655e-02 -1.48991700e-02 -1.40972389e-02 -1.25571722e-02
 -1.05840461e-02 -8.11110437e-03 -5.14026266e-03 -1.65601366e-03  2.35672551e-03
  6.90651918e-03  1.20023936e-02  1.76541861e-02  2.38726866e-02  3.06693129e-02
  3.80558074e-02  4.60442007e-02  5.46469241e-02  6.38769343e-02  7.37478212e-02
  8.42738748e-02  9.54700783e-02  1.07351907e-01  1.19934984e-01  1.33234307e-01
  1.47262976e-01  1.62030131e-01  1.77537501e-01  1.93774179e-01  2.10708499e-01
  2.28275716e-01  2.46359766e-01  2.64767110e-01  2.83191383e-01  3.01174194e-01
  3.18087190e-01  3.33188593e-01  3.45778108e-01  3.55354816e-01  3.61680299e-01
  3.64775658e-01  3.64914328e-01  3.62612009e-01  3.58558804e-01  3.53458285e-01
  3.43218595e-02  3.45599130e-02  3.01111061e-02  2.52464954e-02  2.10719779e-02
  1.72354411e-02  1.36411842e-02  1.02541028e-02  7.06181861e-03  4.06216457e-03
  1.25811074e-03 -1.34452060e-03 -3.73810763e-03 -5.91365760e-03 -7.86085706e-03
 -9.56782978e-03 -1.10205766e-02 -1.22019211e-02 -1.30895935e-02 -1.36526320e-02
 -1.38445059e-02 -1.35899438e-02 -1.28463395e-02 -1.15865748e-02 -9.80046112e-03
 -7.51795480e-03 -4.74179490e-03 -1.46944332e-03  2.30672839e-03  6.59668958e-03
  1.14110010e-02  1.67609174e-02  2.26585027e-02  2.91167013e-02  3.61493751e-02
  4.37713712e-02  5.19986600e-02  6.08486012e-02  7.03402534e-02  8.04947913e-02
  9.13359523e-02  1.02890521e-01  1.15188882e-01  1.28265500e-01  1.42159358e-01
  1.56914130e-01  1.72577977e-01  1.89202413e-01  2.06839710e-01  2.25537464e-01
  2.45328382e-01  2.66211778e-01  2.88119912e-01  3.10855031e-01  3.33960235e-01
  3.56437832e-01  3.76451820e-01  3.92178923e-01  4.02801275e-01  4.08117920e-01
  4.08217907e-01  4.03485209e-01  3.94848704e-01  3.84126514e-01  3.73232692e-01
  1.17330449e-02  9.33589600e-03  8.76274426e-03  7.88600277e-03  6.22240221e-03
  4.20077052e-03  2.02573277e-03 -1.89959741e-04 -2.37506907e-03 -4.47988836e-03
 -6.46718033e-03 -8.30748491e-03 -9.97634605e-03 -1.14524523e-02 -1.27162505e-02
 -1.37487724e-02 -1.45305572e-02 -1.50405541e-02 -1.52549781e-02 -1.51462108e-02
 -1.46822520e-02 -1.38283568e-02 -1.25553040e-02 -1.08411647e-02 -8.67204927e-03
 -6.04175963e-03 -2.94368528e-03  6.30198512e-04  4.68964223e-03  9.24582127e-03
  1.43109756e-02  1.98982693e-02  2.60217749e-02  3.26965377e-02  3.99387032e-02
  4.77657393e-02  5.61967492e-02  6.52529150e-02  7.49580860e-02  8.53394940e-02
  9.64286327e-02  1.08262375e-01  1.20884269e-01  1.34346187e-01  1.48710236e-01
  1.64051235e-01  1.80459529e-01  1.98044375e-01  2.16937751e-01  2.37297997e-01
  2.59312540e-01  2.83197820e-01  3.09194744e-01  3.37561160e-01  3.68583411e-01
  4.02750105e-01  4.33176100e-01  4.53432024e-01  4.65128213e-01  4.69105631e-01
  4.64649260e-01  4.52414811e-01  4.31333542e-01  4.07735765e-01  3.89529765e-01
 -4.62088874e-03 -7.89206102e-03 -7.88233150e-03 -7.48657063e-03 -7.80249899e-03
 -8.60352162e-03 -9.70634725e-03 -1.09742694e-02 -1.23067508e-02 -1.36290723e-02
 -1.48846768e-02 -1.60297807e-02 -1.70295462e-02 -1.78552847e-02 -1.84823256e-02
 -1.88884027e-02 -1.90523639e-02 -1.89531893e-02 -1.85692590e-02 -1.78779699e-02
 -1.68558825e-02 -1.54796289e-02 -1.37276072e-02 -1.15809580e-02 -9.02382098e-03
 -6.04277523e-03 -2.62531266e-03  1.24110281e-03  5.56953624e-03  1.03737563e-02
  1.56682543e-02  2.14682370e-02  2.77896374e-02  3.46492082e-02  4.20646966e-02
  5.00551313e-02  5.86412884e-02  6.78462610e-02  7.76962712e-02  8.82216543e-02
  9.94580761e-02  1.11448109e-01  1.24243155e-01  1.37905955e-01  1.52513847e-01
  1.68163121e-01  1.84974864e-01  2.03103155e-01  2.22746283e-01  2.44162634e-01
  2.67692178e-01  2.93784559e-01  3.23030442e-01  3.56188118e-01  3.94197106e-01
  4.35009241e-01  4.65865046e-01  4.86528635e-01  4.97587621e-01  4.98623580e-01
  4.89920199e-01  4.69983131e-01  4.40689176e-01  4.15361643e-01  3.94832969e-01
 -1.71464812e-02 -2.09690779e-02 -2.09973790e-02 -2.03773528e-02 -2.02541817e-02
 -2.05080695e-02 -2.10216250e-02 -2.16889922e-02 -2.24213637e-02 -2.31472719e-02
 -2.38104071e-02 -2.43666247e-02 -2.47809719e-02 -2.50250921e-02 -2.50751078e-02
 -2.49100178e-02 -2.45104991e-02 -2.38580685e-02 -2.29345448e-02 -2.17217859e-02
 -2.02016663e-02 -1.83563065e-02 -1.61684267e-02 -1.36215603e-02 -1.07000386e-02
 -7.38872821e-03 -3.67258629e-03  4.63710603e-04  5.03598014e-03  1.00605898e-02
  1.55543983e-02  2.15346571e-02  2.80189384e-02  3.50251347e-02  4.25716043e-02
  5.06774783e-02  5.93631715e-02  6.86510652e-02  7.85664544e-02  8.91386569e-02
  1.00402422e-01  1.12399630e-01  1.25181362e-01  1.38810635e-01  1.53365850e-01
  1.68945640e-01  1.85675442e-01  2.03717187e-01  2.23283619e-01  2.44660601e-01
  2.68242985e-01  2.94594675e-01  3.24547976e-01  3.59332919e-01  4.00285542e-01
  4.36345607e-01  4.63260502e-01  4.81124759e-01  4.89677042e-01  4.88858104e-01
  4.76950139e-01  4.52957392e-01  4.27104622e-01  4.05424476e-01  3.87097061e-01
 -2.70124953e-02 -3.13264728e-02 -3.18768546e-02 -3.14645544e-02 -3.13872322e-02
 -3.15574221e-02 -3.18796486e-02 -3.22675295e-02 -3.26492228e-02 -3.29682902e-02
 -3.31818201e-02 -3.32574025e-02 -3.31700742e-02 -3.28997485e-02 -3.24293114e-02
 -3.17433178e-02 -3.08272298e-02 -2.96669770e-02 -2.82487459e-02 -2.65588704e-02
 -2.45837662e-02 -2.23098695e-02 -1.97235271e-02 -1.68108083e-02 -1.35572683e-02
 -9.94766504e-03 -5.96573111e-03 -1.59407582e-03  3.18574323e-03  8.39296822e-03
  1.40472567e-02  2.01682486e-02  2.67751813e-02  3.38866375e-02  4.15205359e-02
  4.96943668e-02  5.84257543e-02  6.77332357e-02  7.76373222e-02  8.81616771e-02
  9.93345007e-02  1.11190081e-01  1.23770453e-01  1.37127504e-01  1.51325345e-01
  1.66443542e-01  1.82581201e-01  1.99862614e-01  2.18445271e-01  2.38531381e-01
  2.60385990e-01  2.84368038e-01  3.10994864e-01  3.41158330e-01  3.73300254e-01
  4.00204122e-01  4.20816898e-01  4.34720933e-01  4.41776991e-01  4.40881759e-01
  4.31644857e-01  4.14697856e-01  3.98244470e-01  3.83077770e-01  3.69312435e-01
 -3.52345370e-02 -4.01640758e-02 -4.11921740e-02 -4.13032249e-02 -4.16553020e-02
 -4.21135835e-02 -4.25656736e-02 -4.29295227e-02 -4.31522019e-02 -4.32030857e-02
 -4.30660099e-02 -4.27326933e-02 -4.21980135e-02 -4.14571874e-02 -4.05043811e-02
 -3.93323563e-02 -3.79327387e-02 -3.62965316e-02 -3.44145820e-02 -3.22779268e-02
 -2.98777968e-02 -2.72053909e-02 -2.42513940e-02 -2.10053604e-02 -1.74550693e-02
 -1.35859810e-02 -9.38092172e-03 -4.82008094e-03  1.18609431e-04  5.45874564e-03
  1.12244394e-02  1.74391828e-02  2.41247918e-02  3.13006155e-02  3.89831848e-02
  4.71863933e-02  5.59221543e-02  6.52015060e-02  7.50359297e-02  8.54387730e-02
  9.64265838e-02  1.08020350e-01  1.20246500e-01  1.33137748e-01  1.46733776e-01
  1.61081716e-01  1.76236153e-01  1.92258358e-01  2.09213838e-01  2.27165788e-01
  2.46160075e-01  2.66189426e-01  2.87108690e-01  3.08451205e-01  3.29145342e-01
  3.47553939e-01  3.62508267e-01  3.73305947e-01  3.79536867e-01  3.81058276e-01
  3.78138810e-01  3.71915996e-01  3.63865554e-01  3.55050087e-01  3.46115202e-01
 -4.14906628e-02 -4.71545979e-02 -4.91519757e-02 -5.03289439e-02 -5.16301133e-02
 -5.27877696e-02 -5.36481217e-02 -5.41512668e-02 -5.42962775e-02 -5.41104823e-02
 -5.36293834e-02 -5.28854802e-02 -5.19030429e-02 -5.06966971e-02 -4.92723696e-02
 -4.76295054e-02 -4.57636602e-02 -4.36689034e-02 -4.13395837e-02 -3.87713313e-02
 -3.59611847e-02 -3.29069346e-02 -2.96059437e-02 -2.60536168e-02 -2.22419016e-02
 -1.81580503e-02 -1.37838693e-02 -9.09564644e-03 -4.06487193e-03  1.34023011e-03
  7.15248194e-03  1.34031614e-02  2.01195069e-02  2.73227934e-02  3.50273736e-02
  4.32408378e-02  5.19652516e-02  6.11991510e-02  7.09398538e-02  8.11856091e-02
  9.19372141e-02  1.03198975e-01  1.14978947e-01  1.27288565e-01  1.40141591e-01
  1.53552353e-01  1.67532831e-01  1.82088107e-01  1.97209105e-01  2.12860838e-01
  2.28963688e-01  2.45365158e-01  2.61801809e-01  2.77862549e-01  2.92986810e-01
  3.06539208e-01  3.17938268e-01  3.26751262e-01  3.32736194e-01  3.35867018e-01
  3.36354613e-01  3.34629089e-01  3.31240624e-01  3.26728314e-01  3.21538597e-01
 -4.48440611e-02 -5.11556268e-02 -5.55455573e-02 -5.92142418e-02 -6.24164231e-02
 -6.47502914e-02 -6.61370829e-02 -6.67032227e-02 -6.66156486e-02 -6.60263747e-02
 -6.50573075e-02 -6.37965202e-02 -6.22996688e-02 -6.05949573e-02 -5.86903989e-02
 -5.65816239e-02 -5.42589575e-02 -5.17129488e-02 -4.89380248e-02 -4.59342077e-02
 -4.27069701e-02 -3.92653905e-02 -3.56191695e-02 -3.17750946e-02 -2.77336836e-02
 -2.34865136e-02 -1.90144535e-02 -1.42870881e-02 -9.26365238e-03 -3.89579684e-03
  1.86776917e-03  8.07541795e-03  1.47667853e-02  2.19683088e-02  2.96910368e-02
  3.79311070e-02  4.66727465e-02  5.58930337e-02  6.55670762e-02  7.56721869e-02
  8.61902609e-02  9.71083269e-02  1.08417712e-01  1.20112240e-01  1.32185817e-01
  1.44629315e-01  1.57426775e-01  1.70550376e-01  1.83954030e-01  1.97564989e-01
  2.11273789e-01  2.24923268e-01  2.38299981e-01  2.51133263e-01  2.63108969e-01
  2.73900151e-01  2.83208311e-01  2.90803164e-01  2.96551704e-01  3.00434262e-01
  3.02545518e-01  3.03077757e-01  3.02286834e-01  3.00451338e-01  2.97837228e-01
 -4.73007150e-02 -5.46466820e-02 -6.21559806e-02 -6.99357018e-02 -7.73122683e-02
 -8.04393962e-02 -8.16300288e-02 -8.15515146e-02 -8.06290656e-02 -7.91655555e-02
 -7.73742497e-02 -7.53890499e-02 -7.32743070e-02 -7.10415617e-02 -6.86698705e-02
 -6.61244392e-02 -6.33703992e-02 -6.03820644e-02 -5.71483150e-02 -5.36748767e-02
 -4.99831066e-02 -4.61051464e-02 -4.20763642e-02 -3.79270688e-02 -3.36756520e-02
 -2.93237809e-02 -2.48531699e-02 -2.02233605e-02 -1.53711662e-02 -1.02140596e-02
 -4.65970812e-03  1.37945591e-03  7.97169283e-03  1.51558947e-02  2.29370929e-02
  3.12875323e-02  4.01541963e-02  4.94720787e-02  5.91783002e-02  6.92212656e-02
  7.95631036e-02  9.01775733e-02  1.01046160e-01  1.12153903e-01  1.23485439e-01
  1.35021284e-01  1.46734178e-01  1.58585191e-01  1.70519605e-01  1.82462692e-01
  1.94315746e-01  2.05953330e-01  2.17223257e-01  2.27950767e-01  2.37948284e-01
  2.47030243e-01  2.55030960e-01  2.61822164e-01  2.67326832e-01  2.71526843e-01
  2.74463177e-01  2.76228517e-01  2.76953846e-01  2.76791692e-01  2.75900066e-01
 -5.00316583e-02 -5.86926378e-02 -6.84991106e-02 -7.99536258e-02 -9.28654149e-02
 -1.00435972e-01 -1.01397827e-01 -9.91739184e-02 -9.63210464e-02 -9.32048932e-02
 -9.01147500e-02 -8.71959254e-02 -8.44485909e-02 -8.17826763e-02 -7.90776759e-02
 -7.62199908e-02 -7.31196776e-02 -6.97174147e-02 -6.59894049e-02 -6.19518533e-02
 -5.76612204e-02 -5.32034077e-02 -4.86717112e-02 -4.41443734e-02 -3.96723449e-02
 -3.52763943e-02 -3.09462622e-02 -2.66355164e-02 -2.22498383e-02 -1.76368468e-02
 -1.26023274e-02 -6.96177036e-03 -5.84577618e-04  6.59349654e-03  1.45679098e-02
  2.32593808e-02  3.25215645e-02  4.21867780e-02  5.21209203e-02  6.22403584e-02
  7.24997595e-02  8.28759521e-02  9.33561921e-02  1.03930630e-01  1.14587411e-01
  1.25309229e-01  1.36070639e-01  1.46835685e-01  1.57556042e-01  1.68169290e-01
  1.78598091e-01  1.88750312e-01  1.98520973e-01  2.07796037e-01  2.16458559e-01
  2.24396586e-01  2.31511801e-01  2.37727985e-01  2.42997572e-01  2.47305408e-01
  2.50669092e-01  2.53136009e-01  2.54777372e-01  2.55680799e-01  2.55942434e-01
 -5.08357473e-02 -5.99356331e-02 -7.04513863e-02 -8.30036998e-02 -9.80700478e-02
 -1.09681182e-01 -1.16089232e-01 -1.17056556e-01 -1.12547375e-01 -1.06643267e-01
 -1.01771966e-01 -9.80456769e-02 -9.50914100e-02 -9.24731642e-02 -8.98510814e-02
 -8.69941413e-02 -8.37460682e-02 -8.00017565e-02 -7.57055730e-02 -7.08741024e-02
 -6.56358078e-02 -6.02308288e-02 -5.49084321e-02 -4.98308614e-02 -4.50766161e-02
 -4.06778976e-02 -3.66447680e-02 -3.29691693e-02 -2.95976959e-02 -2.62999460e-02
 -2.24798210e-02 -1.76666882e-02 -1.16901752e-02 -4.47519124e-03  4.00471920e-03
  1.36587927e-02  2.40308773e-02  3.45359519e-02  4.49706949e-02  5.53038120e-02
  6.55463412e-02  7.57180452e-02  8.58364701e-02  9.59126949e-02  1.05949558e-01
  1.15940712e-01  1.25870094e-01  1.35711536e-01  1.45428538e-01  1.54974282e-01
  1.64292201e-01  1.73317105e-01  1.81977168e-01  1.90196931e-01  1.97901040e-01
  2.05018774e-01  2.11488634e-01  2.17262730e-01  2.22310081e-01  2.26618648e-01
  2.30195701e-01  2.33066559e-01  2.35271871e-01  2.36864060e-01  2.37903267e-01
 -4.90186028e-02 -5.74816354e-02 -6.69630840e-02 -7.76066110e-02 -8.94070864e-02
 -1.02082022e-01 -1.13436304e-01 -1.19613282e-01 -1.20006882e-01 -1.14117883e-01
 -1.08595416e-01 -1.05885297e-01 -1.04531199e-01 -1.03139579e-01 -1.01347953e-01
 -9.89904478e-02 -9.59333405e-02 -9.20374542e-02 -8.71441141e-02 -8.10834542e-02
 -7.38212615e-02 -6.64248914e-02 -5.98130971e-02 -5.39959222e-02 -4.89055142e-02
 -4.45035174e-02 -4.08009589e-02 -3.78738157e-02 -3.58985178e-02 -3.51839736e-02
 -3.33523490e-02 -2.96259914e-02 -2.42210571e-02 -1.69831999e-02 -7.83091038e-03
  3.51804867e-03  1.62039306e-02  2.78164521e-02  3.87461931e-02  4.92102429e-02
  5.93433790e-02  6.92341104e-02  7.89406672e-02  8.84994864e-02  9.79302153e-02
  1.07238792e-01  1.16419539e-01  1.25456527e-01  1.34324759e-01  1.42991126e-01
  1.51415646e-01  1.59552798e-01  1.67353362e-01  1.74766511e-01  1.81742281e-01
  1.88234329e-01  1.94202468e-01  1.99615180e-01  2.04451412e-01  2.08701789e-01
  2.12368831e-01  2.15466559e-01  2.18019083e-01  2.20058858e-01  2.21624538e-01
 -4.51000333e-02 -5.23831993e-02 -6.02624342e-02 -6.87176809e-02 -7.76421875e-02
 -8.68271291e-02 -9.59685519e-02 -1.04690105e-01 -1.10029452e-01 -1.08007267e-01
 -1.05563931e-01 -1.06133848e-01 -1.07953601e-01 -1.08374998e-01 -1.07741483e-01
 -1.06150761e-01 -1.03552245e-01 -9.98194739e-02 -9.47292596e-02 -8.78486112e-02
 -7.83646256e-02 -6.89777210e-02 -6.14908412e-02 -5.52869998e-02 -5.00603728e-02
 -4.56778295e-02 -4.21190858e-02 -3.94657068e-02 -3.79205123e-02 -3.77508253e-02
 -3.64749432e-02 -3.31711210e-02 -2.80383360e-02 -2.09920239e-02 -1.18961036e-02
 -4.36040602e-04  1.23306839e-02  2.38964520e-02  3.46151255e-02  4.47448045e-02
  5.44534661e-02  6.38509989e-02  7.30090216e-02  8.19725618e-02  9.07672644e-02
  9.94041115e-02  1.07882634e-01  1.16193093e-01  1.24318168e-01  1.32234320e-01
  1.39913037e-01  1.47322133e-01  1.54427215e-01  1.61193177e-01  1.67585820e-01
  1.73573643e-01  1.79129317e-01  1.84231207e-01  1.88864440e-01  1.93021610e-01
  1.96703032e-01  1.99916586e-01  2.02676982e-01  2.05004916e-01  2.06925780e-01
  8.13798487e-01  8.30263555e-01  8.41330469e-01  8.55216384e-01  8.69551420e-01
  8.84690702e-01  9.00260210e-01  9.16530907e-01  9.33460176e-01  9.50868845e-01
  9.68812943e-01  9.87403452e-01  1.00670254e+00  1.02679324e+00  1.04765987e+00
  1.06920421e+00  1.09155774e+00  1.11487472e+00  1.13909209e+00  1.16413987e+00
  1.19021392e+00  1.21731162e+00  1.24550152e+00  1.27482331e+00  1.30538201e+00
  1.33715200e+00  1.37025273e+00  1.40480947e+00  1.44076538e+00  1.47835732e+00
  1.51763308e+00  1.55858803e+00  1.60145640e+00  1.64621913e+00  1.69312370e+00
  1.74239266e+00  1.79381204e+00  1.84779572e+00  1.90454388e+00  1.96404922e+00
  2.02676845e+00  2.09250617e+00  2.16193891e+00  2.23484683e+00  2.31209922e+00
  2.39341497e+00  2.47917271e+00  2.57025981e+00  2.66632748e+00  2.76820469e+00
  2.87619138e+00  2.99116135e+00  3.11259341e+00  3.24308848e+00  3.38190484e+00
  3.53030372e+00  3.69089842e+00  3.86307359e+00  4.05093813e+00  4.25678253e+00
  4.48805332e+00  4.75439930e+00  5.08238411e+00  5.55337191e+00  7.73800898e+00
   84  117
  1.09664214e+00 -1.00000001e-01  1.10190809e+00  0.00000000e+00  1.10696423e+00
  5.00000007e-02  1.12029731e+00  1.50000006e-01  1.13218749e+00  2.14548722e-01
  1.15137863e+00  3.00000012e-01  1.16460526e+00  3.49999994e-01  1.18531251e+00
  4.23196316e-01  1.20910585e+00  5.00000000e-01  1.22576964e+00  5.50000012e-01
  1.24271226e+00  6.00000024e-01  1.26499999e+00  6.69071317e-01  1.29156256e+00
  7.46899188e-01  1.30815864e+00  8.00000012e-01  1.32384598e+00  8.50000024e-01
  1.34468746e+00  9.31941390e-01  1.37039733e+00  9.99618709e-01  1.42437506e+00
  9.75687683e-01  1.45529628e+00  9.49999988e-01  1.50406253e+00  9.15292203e-01
  1.53062499e+00  8.93965423e-01  1.58375001e+00  8.55632246e-01  1.61031246e+00
  8.35017145e-01  1.65430415e+00  8.00000012e-01  1.69000006e+00  7.73459256e-01
  1.71916580e+00  7.50000000e-01  1.76968753e+00  7.09005713e-01  1.79624999e+00
  6.86354578e-01  1.83781695e+00  6.49999976e-01  1.87593746e+00  6.16682947e-01
  1.90250003e+00  5.91676652e-01  1.94531095e+00  5.50000012e-01  1.98218751e+00
  5.12494743e-01  2.00874996e+00  4.82957959e-01  2.03693938e+00  4.49999988e-01
  2.07487226e+00  4.00000006e-01  2.10884786e+00  3.49999994e-01  2.13920689e+00
  3.00000012e-01  2.16616821e+00  2.50000000e-01  2.18980956e+00  2.00000003e-01
  2.21001220e+00  1.50000006e-01  2.22641397e+00  1.00000001e-01  2.24569321e+00
  0.00000000e+00  2.24990058e+00 -5.00000007e-02  2.24781251e+00 -1.14216760e-01
  2.23634052e+00 -2.00000003e-01  2.22125006e+00 -2.66288221e-01  2.19633174e+00
 -3.49999994e-01  2.17767406e+00 -4.00000006e-01  2.15640426e+00 -4.49999988e-01
  2.13220501e+00 -5.00000000e-01  2.10456371e+00 -5.50000012e-01  2.07290792e+00
 -6.00000024e-01  2.03663039e+00 -6.49999976e-01  2.00874996e+00 -6.83267474e-01
  1.98218751e+00 -7.12918937e-01  1.94495022e+00 -7.50000000e-01  1.90250003e+00
 -7.89229512e-01  1.87593746e+00 -8.11990321e-01  1.82557333e+00 -8.50000024e-01
  1.79624999e+00 -8.69884074e-01  1.74422085e+00 -8.99999976e-01  1.71656251e+00
 -9.13869917e-01  1.66343749e+00 -9.34578896e-01  1.61224556e+00 -9.49999988e-01
  1.58375001e+00 -9.56252515e-01  1.53062499e+00 -9.61475134e-01  1.47749996e+00
 -9.58822131e-01  1.43792796e+00 -9.49999988e-01  1.39781249e+00 -9.35980678e-01
  1.34468746e+00 -9.06003177e-01  1.31812501e+00 -8.82769227e-01  1.28895378e+00
 -8.50000024e-01  1.25599575e+00 -8.00000012e-01  1.22940481e+00 -7.50000000e-01
  1.20632493e+00 -6.99999988e-01  1.18531251e+00 -6.48222864e-01  1.15875006e+00
 -5.77198148e-01  1.13491976e+00 -5.00000000e-01  1.12236297e+00 -4.49999988e-01
  1.10607255e+00 -3.49999994e-01  1.10081840e+00 -3.00000012e-01  1.09622931e+00
 -2.00000003e-01  1.09664214e+00 -1.00000001e-01
  1.01600003e+00  0.00000000e+00  1.01600003e+00  9.63999987e-01  1.01600003e+00
  9.67999995e-01  1.01600003e+00  1.00100005e+00  1.01600003e+00  1.01900005e+00
  1.01600003e+00  1.07700002e+00  1.01600003e+00  1.07000005e+00  1.01600003e+00
  1.09599996e+00  1.01600003e+00  1.11300004e+00  1.01600003e+00  1.13800001e+00
  1.01600003e+00  1.14699996e+00  1.01199996e+00  1.16499996e+00  1.00100005e+00
  1.21700001e+00  1.02900004e+00  1.21700001e+00  1.04200006e+00  1.16240001e+00
  1.04600000e+00  1.16237998e+00  1.05599999e+00  1.16260004e+00  1.09700000e+00
  1.16450000e+00  1.10800004e+00  1.16594005e+00  1.11600006e+00  1.16591001e+00
  1.13399994e+00  1.16895998e+00  1.14800000e+00  1.17174995e+00  1.16199994e+00
  1.17556000e+00  1.18099999e+00  1.18299997e+00  1.18200004e+00  1.18350005e+00
  1.18499994e+00  1.18499994e+00  1.19000006e+00  1.18799996e+00  1.19500005e+00
  1.19099998e+00  1.20099998e+00  1.19599998e+00  1.20899999e+00  1.20200002e+00
  1.21500003e+00  1.20799994e+00  1.22200000e+00  1.21399999e+00  1.22800004e+00
  1.22099996e+00  1.23399997e+00  1.23099995e+00  1.23899996e+00  1.23800004e+00
  1.24199998e+00  1.24399996e+00  1.24800003e+00  1.25399995e+00  1.25800002e+00
  1.27800000e+00  1.26300001e+00  1.28999996e+00  1.27999997e+00  1.33099997e+00
  1.27999997e+00  1.34700000e+00  1.27999997e+00  1.34800005e+00  1.30999994e+00
  1.34800005e+00  1.32799995e+00  1.34800005e+00  1.36099994e+00  1.34800005e+00
  1.38000000e+00  1.34800005e+00  1.41900003e+00  1.34800005e+00  1.41900003e+00
  1.30999994e+00  1.37199998e+00  1.30999994e+00  1.37167001e+00  1.29237998e+00
  1.37003005e+00  1.28268003e+00  1.36688006e+00  1.25644004e+00  1.36719000e+00
  1.22955000e+00  1.37178004e+00  1.19576001e+00  1.37223995e+00  1.19402003e+00
  1.38662004e+00  1.16487002e+00  1.38707995e+00  1.16420996e+00  1.40382004e+00
  1.15696001e+00  1.41127002e+00  1.15730000e+00  1.41857004e+00  1.16131997e+00
  1.42100000e+00  1.16400003e+00  1.48662996e+00  1.24049997e+00  1.49730003e+00
  1.23458004e+00  1.49761999e+00  1.23427999e+00  1.49744999e+00  1.23174000e+00
  1.49275005e+00  1.21329999e+00  1.49259996e+00  1.21061003e+00  1.49260998e+00
  1.20485997e+00  1.49278998e+00  1.20213997e+00  1.49339998e+00  1.19641995e+00
  1.49469995e+00  1.18510997e+00  1.49621999e+00  1.16069996e+00  1.47981000e+00
  1.12425995e+00  1.48081994e+00  1.12256002e+00  1.48149002e+00  1.12137997e+00
  1.48645997e+00  1.11691999e+00  1.49094999e+00  1.11439002e+00  1.50304997e+00
  1.11243999e+00  1.59696996e+00  1.09489000e+00  1.62549996e+00  1.08529997e+00
  1.63751996e+00  1.07988000e+00  1.64699996e+00  1.07700002e+00  1.78499997e+00
  1.07700002e+00  2.06999993e+00  1.03999996e+00  2.12800002e+00  9.92999971e-01
  2.24499989e+00  7.08999991e-01  2.33956003e+00  4.61430013e-01  2.34707999e+00
  4.15829986e-01  2.34912992e+00  2.72179991e-01  2.35103011e+00  1.70179993e-01
  2.35157990e+00  7.01199993e-02  2.35124993e+00 -3.17899995e-02  2.35050988e+00
 -1.44350007e-01  2.34964991e+00 -2.14829996e-01  2.34870005e+00 -3.26689988e-01
  2.34759998e+00 -3.86770010e-01  2.34019995e+00 -4.53040004e-01  2.32942009e+00
 -4.77569997e-01  2.13400006e+00 -9.72999990e-01  1.78600001e+00 -1.17400002e+00
  1.76800001e+00 -1.21099997e+00  1.76800001e+00 -1.25000000e+00  1.68200004e+00
 -1.25000000e+00  1.37199998e+00 -1.25000000e+00  1.37199998e+00 -1.32900000e+00
  1.41999996e+00 -1.32900000e+00  1.41999996e+00 -1.36300004e+00  1.27300000e+00
 -1.36300004e+00  1.15300000e+00 -1.36300004e+00  1.01600003e+00 -1.22300005e+00
  1.01600003e+00 -1.22300005e+00  1.01600003e+00 -8.29999983e-01  1.01600003e+00
 -8.00000012e-01  1.01600003e+00 -4.14999992e-01  1.01600003e+00 -4.00000006e-01
  1.01600003e+00 -1.00000005e-03  1.01600003e+00  0.00000000e+00
    0 0.000000000e+00    0
  0.00000000e+00  7.83227161e-02  1.11613825e-01  1.37351111e-01  1.59390345e-01
  1.79028556e-01  1.97065607e-01  2.13847458e-01  2.29662031e-01  2.43574068e-01
  2.58138329e-01  2.72157013e-01  2.85797060e-01  2.99041539e-01  3.12009573e-01
  3.24669272e-01  3.37107360e-01  3.49367350e-01  3.61448020e-01  3.73427749e-01
  3.85240823e-01  3.96975279e-01  4.08626705e-01  4.20220286e-01  4.31778967e-01
  4.43279237e-01  4.54758525e-01  4.66270566e-01  4.77741182e-01  4.89253432e-01
  5.00797570e-01  5.12351453e-01  5.23993313e-01  5.35653830e-01  5.47395825e-01
  5.59251606e-01  5.71154416e-01  5.83168745e-01  5.95304787e-01  6.07545376e-01
  6.19949222e-01  6.32455111e-01  6.45158172e-01  6.57979488e-01  6.71032786e-01
  6.84258580e-01  6.97657168e-01  7.11323678e-01  7.25185215e-01  7.39324152e-01
  7.53694355e-01  7.68394291e-01  7.83322334e-01  7.98656225e-01  8.14270794e-01
  8.30248594e-01  8.46653283e-01  8.63434553e-01  8.80700111e-01  8.98449361e-01
  9.16777253e-01  9.35720265e-01  9.55499828e-01  9.76414979e-01  1.00000000e+00
    0
