  EFITD    01/21/2000    #144977  3001ms           7  65  65
 0.170000005E+01 0.320000005E+01 0.169550002E+01 0.839999974E+00 0.000000000E+00
 0.174582100E+01 0.243942421E-01-0.320982188E+00-0.825211704E-01-0.210940409E+01
 0.996558625E+06-0.320982188E+00 0.000000000E+00 0.174582100E+01 0.000000000E+00
 0.243942421E-01 0.000000000E+00-0.825211704E-01 0.000000000E+00 0.000000000E+00
-0.362038136E+01-0.361809707E+01-0.361589241E+01-0.361376643E+01-0.361171746E+01
-0.360974407E+01-0.360784531E+01-0.360601974E+01-0.360426593E+01-0.360258222E+01
-0.360096765E+01-0.359942079E+01-0.359793997E+01-0.359652400E+01-0.359517145E+01
-0.359388113E+01-0.359265113E+01-0.359148049E+01-0.359036779E+01-0.358931136E+01
-0.358830976E+01-0.358736181E+01-0.358646584E+01-0.358562040E+01-0.358482432E+01
-0.358407593E+01-0.358337402E+01-0.358271670E+01-0.358210301E+01-0.358153105E+01
-0.358099961E+01-0.358050704E+01-0.358005238E+01-0.357963347E+01-0.357924938E+01
-0.357889819E+01-0.357857895E+01-0.357828975E+01-0.357802916E+01-0.357779598E+01
-0.357758856E+01-0.357740545E+01-0.357724524E+01-0.357710624E+01-0.357698703E+01
-0.357688642E+01-0.357680249E+01-0.357673407E+01-0.357667971E+01-0.357663774E+01
-0.357660651E+01-0.357658505E+01-0.357657146E+01-0.357656455E+01-0.357656264E+01
-0.357656431E+01-0.357656789E+01-0.357657218E+01-0.357657552E+01-0.357657671E+01
-0.357657385E+01-0.357656574E+01-0.357655096E+01-0.357652760E+01-0.357649469E+01
 0.618967500E+05 0.606127422E+05 0.593387930E+05 0.580749023E+05 0.568210703E+05
 0.555772969E+05 0.543435859E+05 0.531199336E+05 0.519063398E+05 0.507028047E+05
 0.495093320E+05 0.483259141E+05 0.471525586E+05 0.459892617E+05 0.448360273E+05
 0.436928477E+05 0.425597305E+05 0.414366719E+05 0.403236758E+05 0.392207344E+05
 0.381278555E+05 0.370450352E+05 0.359722734E+05 0.349095703E+05 0.338569297E+05
 0.328143477E+05 0.317818242E+05 0.307593594E+05 0.297469551E+05 0.287446113E+05
 0.277523242E+05 0.267700996E+05 0.257979336E+05 0.248358262E+05 0.238837773E+05
 0.229417891E+05 0.220098613E+05 0.210879922E+05 0.201761816E+05 0.192744316E+05
 0.183827422E+05 0.175011094E+05 0.166295391E+05 0.157680254E+05 0.149165732E+05
 0.140751797E+05 0.132438447E+05 0.124225703E+05 0.116113555E+05 0.108102002E+05
 0.100191035E+05 0.923806738E+04 0.846708984E+04 0.770617188E+04 0.695531348E+04
 0.621451465E+04 0.548377490E+04 0.476309521E+04 0.405247461E+04 0.335191357E+04
 0.266141187E+04 0.198096973E+04 0.131058704E+04 0.650263794E+03 0.000000000E+00
-0.225865889E+01-0.217913318E+01-0.210102987E+01-0.202434897E+01-0.194909060E+01
-0.187525475E+01-0.180284131E+01-0.173185039E+01-0.166228187E+01-0.159413576E+01
-0.152741218E+01-0.146211100E+01-0.139823234E+01-0.133577609E+01-0.127474236E+01
-0.121513104E+01-0.115694225E+01-0.110017586E+01-0.104483187E+01-0.990910411E+00
-0.938411355E+00-0.887334824E+00-0.837680697E+00-0.789449036E+00-0.742639840E+00
-0.697253108E+00-0.653288841E+00-0.610747039E+00-0.569627643E+00-0.529930770E+00
-0.491656303E+00-0.454804331E+00-0.419374794E+00-0.385367721E+00-0.352783114E+00
-0.321620941E+00-0.291881263E+00-0.263564020E+00-0.236669227E+00-0.211196899E+00
-0.187147036E+00-0.164519623E+00-0.143314674E+00-0.123532176E+00-0.105172142E+00
-0.882345662E-01-0.727194399E-01-0.586267784E-01-0.459565744E-01-0.347088240E-01
-0.248835348E-01-0.164807029E-01-0.950032752E-02-0.394241093E-02 0.193048283E-03
 0.290604960E-02 0.419659307E-02 0.406467915E-02 0.251030712E-02-0.466522441E-03
-0.486580981E-02-0.106875552E-01-0.179317575E-01-0.265984181E-01-0.366875380E-01
-0.345962312E+06-0.343262500E+06-0.340562656E+06-0.337862812E+06-0.335162969E+06
-0.332463156E+06-0.329763312E+06-0.327063469E+06-0.324363656E+06-0.321663812E+06
-0.318963969E+06-0.316264125E+06-0.313564312E+06-0.310864469E+06-0.308164625E+06
-0.305464812E+06-0.302764969E+06-0.300065125E+06-0.297365281E+06-0.294665469E+06
-0.291965625E+06-0.289265781E+06-0.286565938E+06-0.283866125E+06-0.281166281E+06
-0.278466438E+06-0.275766625E+06-0.273066781E+06-0.270366938E+06-0.267667094E+06
-0.264967281E+06-0.262267438E+06-0.259567594E+06-0.256867766E+06-0.254167938E+06
-0.251468094E+06-0.248768266E+06-0.246068422E+06-0.243368594E+06-0.240668750E+06
-0.237968922E+06-0.235269078E+06-0.232569250E+06-0.229869406E+06-0.227169578E+06
-0.224469750E+06-0.221769906E+06-0.219070078E+06-0.216370234E+06-0.213670406E+06
-0.210970562E+06-0.208270734E+06-0.205570891E+06-0.202871062E+06-0.200171234E+06
-0.197471391E+06-0.194771562E+06-0.192071719E+06-0.189371891E+06-0.186672047E+06
-0.183972219E+06-0.181272375E+06-0.178572547E+06-0.175872719E+06-0.173172875E+06
 0.179046467E-01 0.174644589E-01 0.170315821E-01 0.166071691E-01 0.161924213E-01
 0.157885533E-01 0.153967859E-01 0.150183057E-01 0.146542462E-01 0.143056465E-01
 0.139734242E-01 0.136583373E-01 0.133609613E-01 0.130816596E-01 0.128205651E-01
 0.125775756E-01 0.123523464E-01 0.121443002E-01 0.119526451E-01 0.117763905E-01
 0.116143795E-01 0.114653166E-01 0.113278003E-01 0.112003516E-01 0.110814441E-01
 0.109695289E-01 0.108630508E-01 0.107604712E-01 0.106602730E-01 0.105609708E-01
 0.104611153E-01 0.103592882E-01 0.102541018E-01 0.101441909E-01 0.100282039E-01
 0.990479067E-02 0.977259129E-02 0.963021815E-02 0.947624072E-02 0.930916425E-02
 0.912740827E-02 0.892928243E-02 0.871295575E-02 0.847642776E-02 0.821748562E-02
 0.793365948E-02 0.762217306E-02 0.727988034E-02 0.690319296E-02 0.648799678E-02
 0.602956302E-02 0.552245043E-02 0.496042985E-02 0.433646096E-02 0.364446803E-02
 0.299489521E-02 0.245829043E-02 0.203461642E-02 0.172383885E-02 0.152592571E-02
 0.144084753E-02 0.146857649E-02 0.160908652E-02 0.186235236E-02 0.222834991E-02
 0.168551225E-01 0.163847134E-01 0.159216262E-01 0.154672908E-01 0.150232129E-01
 0.145909591E-01 0.141721219E-01 0.137682846E-01 0.133809838E-01 0.130116539E-01
 0.126615809E-01 0.123318508E-01 0.120233018E-01 0.117364852E-01 0.114716338E-01
 0.112286508E-01 0.110071013E-01 0.108062299E-01 0.106249833E-01 0.104620531E-01
 0.103159128E-01 0.101848710E-01 0.100671202E-01 0.996077899E-02 0.986393634E-02
 0.977468397E-02 0.969114434E-02 0.961148832E-02 0.953394827E-02 0.945682451E-02
 0.937848352E-02 0.929735601E-02 0.921192486E-02 0.912071764E-02 0.902228896E-02
 0.891520549E-02 0.879802555E-02 0.866928138E-02 0.852745213E-02 0.837093964E-02
 0.819803961E-02 0.800690521E-02 0.779551035E-02 0.756159937E-02 0.730263162E-02
 0.701571023E-02 0.669749361E-02 0.634408370E-02 0.595088024E-02 0.551239075E-02
 0.502197538E-02 0.447150134E-02 0.385086611E-02 0.314733223E-02 0.240326650E-02
 0.176393730E-02 0.123730407E-02 0.823345908E-03 0.522043963E-03 0.333380711E-03
 0.257339649E-03 0.293905003E-03 0.443061406E-03 0.704793783E-03 0.107908715E-02
 0.157845188E-01 0.152791487E-01 0.147807728E-01 0.142911430E-01 0.138121536E-01
 0.133458190E-01 0.128942374E-01 0.124595426E-01 0.120438449E-01 0.116491588E-01
 0.112773245E-01 0.109299254E-01 0.106082102E-01 0.103130266E-01 0.100447675E-01
 0.980334543E-02 0.958819035E-02 0.939826854E-02 0.923213735E-02 0.908800028E-02
 0.896378979E-02 0.885724090E-02 0.876597315E-02 0.868755765E-02 0.861957576E-02
 0.855966751E-02 0.850556139E-02 0.845509861E-02 0.840624142E-02 0.835707504E-02
 0.830580108E-02 0.825072825E-02 0.819025468E-02 0.812284928E-02 0.804703310E-02
 0.796135515E-02 0.786436908E-02 0.775460480E-02 0.763054518E-02 0.749059301E-02
 0.733303698E-02 0.715601444E-02 0.695746625E-02 0.673508178E-02 0.648623751E-02
 0.620791176E-02 0.589658599E-02 0.554810790E-02 0.515751820E-02 0.471881265E-02
 0.422461284E-02 0.366570405E-02 0.303036091E-02 0.230333512E-02 0.156267674E-02
 0.933672709E-03 0.417083735E-03 0.129077898E-04-0.278856867E-03-0.458212220E-03
-0.525160518E-03-0.479704788E-03-0.321848638E-03-0.515966713E-04 0.331045652E-03
 0.146950101E-01 0.141490176E-01 0.136091253E-01 0.130774556E-01 0.125563713E-01
 0.120484587E-01 0.115564903E-01 0.110833645E-01 0.106320251E-01 0.102053508E-01
 0.980603509E-02 0.943644624E-02 0.909849536E-02 0.879351143E-02 0.852215197E-02
 0.828434806E-02 0.807930436E-02 0.790554378E-02 0.776098901E-02 0.764308544E-02
 0.754892966E-02 0.747540500E-02 0.741930678E-02 0.737744663E-02 0.734673627E-02
 0.732424483E-02 0.730723655E-02 0.729318848E-02 0.727978954E-02 0.726493401E-02
 0.724670151E-02 0.722333463E-02 0.719321193E-02 0.715482049E-02 0.710672699E-02
 0.704754749E-02 0.697591994E-02 0.689047389E-02 0.678980025E-02 0.667241914E-02
 0.653674873E-02 0.638106465E-02 0.620346004E-02 0.600179564E-02 0.577364257E-02
 0.551620917E-02 0.522625353E-02 0.489997026E-02 0.453284523E-02 0.411946699E-02
 0.365326833E-02 0.312618492E-02 0.252817711E-02 0.184656377E-02 0.112376420E-02
 0.505094009E-03-0.144415765E-05-0.395832001E-03-0.678052951E-03-0.848092372E-03
-0.905937748E-03-0.851578661E-03-0.685006729E-03-0.406215811E-03-0.152017092E-04
 0.135908546E-01 0.129976049E-01 0.124086756E-01 0.118265674E-01 0.112541728E-01
 0.106947804E-01 0.101520428E-01 0.962991826E-02 0.913256127E-02 0.866417121E-02
 0.822879188E-02 0.783007964E-02 0.747105433E-02 0.715387193E-02 0.687964493E-02
 0.664833887E-02 0.645876722E-02 0.630868180E-02 0.619494310E-02 0.611374434E-02
 0.606085500E-02 0.603185408E-02 0.602233317E-02 0.602805056E-02 0.604504161E-02
 0.606968161E-02 0.609871559E-02 0.612925272E-02 0.615875050E-02 0.618497841E-02
 0.620597834E-02 0.622002315E-02 0.622557383E-02 0.622123713E-02 0.620572828E-02
 0.617783517E-02 0.613638340E-02 0.608020648E-02 0.600811420E-02 0.591886370E-02
 0.581113016E-02 0.568347611E-02 0.553431688E-02 0.536188716E-02 0.516419904E-02
 0.493899686E-02 0.468370318E-02 0.439535780E-02 0.407054415E-02 0.370530854E-02
 0.329506746E-02 0.283451634E-02 0.231754873E-02 0.173723674E-02 0.108760863E-02
 0.479201379E-03-0.173513818E-04-0.402010104E-03-0.674739247E-03-0.835507293E-03
-0.884286710E-03-0.821053574E-03-0.645787804E-03-0.358472578E-03 0.409055938E-04
 0.124793872E-01 0.118313888E-01 0.111845899E-01 0.105417948E-01 0.990641303E-02
 0.928251352E-02 0.867484324E-02 0.808878709E-02 0.753026269E-02 0.700550806E-02
 0.652077468E-02 0.608191639E-02 0.569392415E-02 0.536046037E-02 0.508347852E-02
 0.486300047E-02 0.469710678E-02 0.458213314E-02 0.451303646E-02 0.448385347E-02
 0.448816735E-02 0.451952405E-02 0.457175262E-02 0.463917898E-02 0.471674558E-02
 0.480005099E-02 0.488533406E-02 0.496942224E-02 0.504966499E-02 0.512385415E-02
 0.519014942E-02 0.524700619E-02 0.529311318E-02 0.532733463E-02 0.534866238E-02
 0.535617257E-02 0.534899067E-02 0.532625988E-02 0.528711267E-02 0.523064705E-02
 0.515590282E-02 0.506184250E-02 0.494733127E-02 0.481111743E-02 0.465181656E-02
 0.446789479E-02 0.425765803E-02 0.401924318E-02 0.375062623E-02 0.344964163E-02
 0.311404001E-02 0.274159899E-02 0.233032973E-02 0.187884329E-02 0.138698204E-02
 0.856974744E-03 0.370267080E-03-0.478835454E-05-0.268137228E-03-0.419731485E-03
-0.459529023E-03-0.387493201E-03-0.203592645E-03 0.921992469E-04 0.499904621E-03
 0.113723101E-01 0.106616467E-01 0.994714256E-02 0.923164841E-02 0.851888955E-02
 0.781362969E-02 0.712179905E-02 0.645057810E-02 0.580835808E-02 0.520453230E-02
 0.464905007E-02 0.415171077E-02 0.372123625E-02 0.336425728E-02 0.308442186E-02
 0.288185803E-02 0.275314297E-02 0.269179232E-02 0.268912129E-02 0.273525575E-02
 0.282007502E-02 0.293394201E-02 0.306817447E-02 0.321527640E-02 0.336898724E-02
 0.352421124E-02 0.367688388E-02 0.382381305E-02 0.396252051E-02 0.409109611E-02
 0.420807069E-02 0.431231176E-02 0.440293411E-02 0.447923131E-02 0.454061851E-02
 0.458658906E-02 0.461667776E-02 0.463043386E-02 0.462739868E-02 0.460708980E-02
 0.456898473E-02 0.451251632E-02 0.443706335E-02 0.434195064E-02 0.422645360E-02
 0.408980716E-02 0.393122714E-02 0.374994613E-02 0.354526448E-02 0.331663829E-02
 0.306380587E-02 0.278697861E-02 0.248712278E-02 0.216636644E-02 0.182857469E-02
 0.148013537E-02 0.113096694E-02 0.796620443E-03 0.542482128E-03 0.399912824E-03
 0.368967972E-03 0.449695683E-03 0.642137253E-03 0.946327869E-03 0.136229710E-02
 0.102871545E-01 0.950647518E-02 0.871438067E-02 0.791320018E-02 0.710638938E-02
 0.629887078E-02 0.549741695E-02 0.471103517E-02 0.395125151E-02 0.323214266E-02
 0.256990409E-02 0.198174128E-02 0.148400909E-02 0.108980795E-02 0.806624244E-03
 0.634808268E-03 0.567490119E-03 0.591969234E-03 0.692021858E-03 0.850331795E-03
 0.105042453E-02 0.127785304E-02 0.152069167E-02 0.176954072E-02 0.201725843E-02
 0.225858134E-02 0.248973607E-02 0.270809024E-02 0.291186129E-02 0.309988530E-02
 0.327143958E-02 0.342610641E-02 0.356367300E-02 0.368405762E-02 0.378725468E-02
 0.387329608E-02 0.394222327E-02 0.399406767E-02 0.402884046E-02 0.404652162E-02
 0.404706225E-02 0.403038319E-02 0.399638433E-02 0.394495577E-02 0.387599785E-02
 0.378944748E-02 0.368531886E-02 0.356375473E-02 0.342510198E-02 0.327000907E-02
 0.309956144E-02 0.291545596E-02 0.272023096E-02 0.251755328E-02 0.231256569E-02
 0.211227429E-02 0.192592933E-02 0.176530320E-02 0.164470205E-02 0.158050051E-02
 0.158999150E-02 0.168948411E-02 0.189188553E-02 0.220436929E-02 0.262692641E-02
 0.924853235E-02 0.839286111E-02 0.751529727E-02 0.661665155E-02 0.569888018E-02
 0.476564607E-02 0.382309011E-02 0.288082636E-02 0.195345795E-02 0.110324658E-02
 0.366159336E-03-0.257796200E-03-0.768618484E-03-0.116631272E-02-0.145089137E-02
-0.162237487E-02-0.168079208E-02-0.162618142E-02-0.145859120E-02-0.117808068E-02
-0.812537328E-03-0.429361564E-03-0.450271291E-04 0.330334180E-03 0.690169923E-03
 0.103048864E-02 0.134906441E-02 0.164485211E-02 0.191757327E-02 0.216743001E-02
 0.239491067E-02 0.260065938E-02 0.278539001E-02 0.294983061E-02 0.309468806E-02
 0.322062825E-02 0.332826399E-02 0.341815269E-02 0.349079655E-02 0.354664843E-02
 0.358612207E-02 0.360960444E-02 0.361747318E-02 0.361011876E-02 0.358797237E-02
 0.355154090E-02 0.350145181E-02 0.343850837E-02 0.336376042E-02 0.327859004E-02
 0.318481727E-02 0.308482582E-02 0.298170815E-02 0.287942355E-02 0.278295903E-02
 0.269846362E-02 0.263332319E-02 0.259611942E-02 0.259640696E-02 0.264425646E-02
 0.274953456E-02 0.292096892E-02 0.316513679E-02 0.348558999E-02 0.388234574E-02
 0.828832109E-02 0.735778082E-02 0.639238954E-02 0.539008994E-02 0.434940355E-02
 0.327004213E-02 0.215394027E-02 0.107426080E-02 0.107857173E-03-0.745193334E-03
-0.148485752E-02-0.211110665E-02-0.262391707E-02-0.302327098E-02-0.330915628E-02
-0.348156784E-02-0.354050822E-02-0.348598766E-02-0.331802480E-02-0.303664780E-02
-0.264189416E-02-0.213381229E-02-0.157421385E-02-0.105050625E-02-0.565469265E-03
-0.119036733E-03 0.290122902E-03 0.663958897E-03 0.100466225E-02 0.131445331E-02
 0.159546756E-02 0.184969720E-02 0.207896740E-02 0.228493172E-02 0.246907794E-02
 0.263273972E-02 0.277711311E-02 0.290327403E-02 0.301219570E-02 0.310477056E-02
 0.318182888E-02 0.324416347E-02 0.329255359E-02 0.332779274E-02 0.335072028E-02
 0.336225866E-02 0.336345448E-02 0.335552800E-02 0.333992881E-02 0.331840105E-02
 0.329305348E-02 0.326643582E-02 0.324161630E-02 0.322225201E-02 0.321264006E-02
 0.321773696E-02 0.324312085E-02 0.329487817E-02 0.337939383E-02 0.350303459E-02
 0.367173948E-02 0.389055233E-02 0.416316185E-02 0.449152989E-02 0.487568369E-02
 0.744352117E-02 0.644644024E-02 0.540095009E-02 0.430100225E-02 0.313972798E-02
 0.191005587E-02 0.713397691E-03-0.369770423E-03-0.133938761E-02-0.219539553E-02
-0.293773902E-02-0.356636639E-02-0.408122968E-02-0.448228605E-02-0.476949662E-02
-0.494282926E-02-0.500225695E-02-0.494776061E-02-0.477932673E-02-0.449695019E-02
-0.410063425E-02-0.359039032E-02-0.296623795E-02-0.229139347E-02-0.168276811E-02
-0.113575347E-02-0.643385865E-03-0.199528033E-03 0.201148156E-03 0.563238340E-03
 0.890698808E-03 0.118693791E-02 0.145489920E-02 0.169713376E-02 0.191586302E-02
 0.211303215E-02 0.229035760E-02 0.244936673E-02 0.259143487E-02 0.271781860E-02
 0.282968651E-02 0.292814989E-02 0.301429140E-02 0.308919745E-02 0.315398816E-02
 0.320985308E-02 0.325808604E-02 0.330012455E-02 0.333759189E-02 0.337233837E-02
 0.340648624E-02 0.344246952E-02 0.348306727E-02 0.353142666E-02 0.359106460E-02
 0.366584328E-02 0.375990709E-02 0.387757737E-02 0.402319804E-02 0.420093630E-02
 0.441455049E-02 0.466714660E-02 0.496095140E-02 0.529714068E-02 0.567574427E-02
 0.675067026E-02 0.570554426E-02 0.460132351E-02 0.342816464E-02 0.217362680E-02
 0.871233235E-03-0.329311879E-03-0.141614454E-02-0.238918234E-02-0.324834418E-02
-0.399355125E-02-0.462472672E-02-0.514179701E-02-0.554469135E-02-0.583334407E-02
-0.600769231E-02-0.606767880E-02-0.601325231E-02-0.584436627E-02-0.556098064E-02
-0.516306283E-02-0.465058535E-02-0.402353005E-02-0.328735495E-02-0.258279592E-02
-0.195999560E-02-0.140611408E-02-0.910998089E-03-0.466502359E-03-0.660065562E-04
 0.295935053E-03 0.623851432E-03 0.921547937E-03 0.119225355E-02 0.143873470E-02
 0.166338508E-02 0.186829828E-02 0.205532648E-02 0.222613057E-02 0.238222233E-02
 0.252500339E-02 0.265579787E-02 0.277588586E-02 0.288653350E-02 0.298902276E-02
 0.308468170E-02 0.317491312E-02 0.326122507E-02 0.334525900E-02 0.342881656E-02
 0.351388450E-02 0.360265211E-02 0.369752268E-02 0.380111299E-02 0.391623704E-02
 0.404587109E-02 0.419309549E-02 0.436101621E-02 0.455265725E-02 0.477083912E-02
 0.501804519E-02 0.529628713E-02 0.560698891E-02 0.595089933E-02 0.632804260E-02
 0.623727078E-02 0.517148850E-02 0.404257048E-02 0.283907726E-02 0.154611608E-02
 0.229793746E-03-0.974934723E-03-0.206572469E-02-0.304247066E-02-0.390506722E-02
-0.465341005E-02-0.528739532E-02-0.580692245E-02-0.621189177E-02-0.650220644E-02
-0.667777378E-02-0.673850393E-02-0.668431073E-02-0.651511457E-02-0.623083860E-02
-0.583141251E-02-0.531677110E-02-0.468685525E-02-0.394175202E-02-0.319789140E-02
-0.254355022E-02-0.196325174E-02-0.144510984E-02-0.979795819E-03-0.559852808E-03
-0.179224255E-03 0.167079037E-03 0.483219803E-03 0.772712694E-03 0.103855925E-02
 0.128335168E-02 0.150935561E-02 0.171857502E-02 0.191280723E-02 0.209368835E-02
 0.226273155E-02 0.242136302E-02 0.257095182E-02 0.271283812E-02 0.284836092E-02
 0.297888136E-02 0.310580735E-02 0.323061366E-02 0.335486280E-02 0.348021928E-02
 0.360846450E-02 0.374150067E-02 0.388135272E-02 0.403015828E-02 0.419014692E-02
 0.436360948E-02 0.455285236E-02 0.476013869E-02 0.498762168E-02 0.523726642E-02
 0.551077118E-02 0.580949150E-02 0.613437593E-02 0.648591993E-02 0.686413934E-02
 0.591342198E-02 0.485793315E-02 0.374359707E-02 0.256060576E-02 0.129655737E-02
-0.149836760E-04-0.122427009E-02-0.231939228E-02-0.330022001E-02-0.416662218E-02
-0.491846679E-02-0.555562275E-02-0.607795874E-02-0.648534577E-02-0.677765440E-02
-0.695475889E-02-0.701653538E-02-0.696286326E-02-0.679362565E-02-0.650870986E-02
-0.610800600E-02-0.559141068E-02-0.495882472E-02-0.421562372E-02-0.350245950E-02
-0.286938646E-02-0.230347575E-02-0.179448095E-02-0.133416196E-02-0.915800163E-03
-0.533848885E-03-0.183675118E-03 0.138633448E-03 0.436415517E-03 0.712549896E-03
 0.969544810E-03 0.120960956E-02 0.143471232E-02 0.164662849E-02 0.184698135E-02
 0.203727628E-02 0.221893215E-02 0.239330670E-02 0.256172172E-02 0.272548501E-02
 0.288590905E-02 0.304432889E-02 0.320211728E-02 0.336069823E-02 0.352155440E-02
 0.368623459E-02 0.385635369E-02 0.403358787E-02 0.421966380E-02 0.441634050E-02
 0.462538237E-02 0.484852819E-02 0.508744875E-02 0.534370309E-02 0.561869005E-02
 0.591359986E-02 0.622937130E-02 0.656665210E-02 0.692577427E-02 0.730674062E-02
 0.576827535E-02 0.475034770E-02 0.368449651E-02 0.256474689E-02 0.138430623E-02
 0.136185816E-03-0.107811636E-02-0.217803312E-02-0.316340779E-02-0.403408194E-02
-0.478989538E-02-0.543068675E-02-0.595629308E-02-0.636655232E-02-0.666130288E-02
-0.684038363E-02-0.690363441E-02-0.685089873E-02-0.668202154E-02-0.639685104E-02
-0.599523960E-02-0.547704287E-02-0.484212115E-02-0.415352546E-02-0.352799846E-02
-0.296075689E-02-0.244465820E-02-0.197338010E-02-0.154140475E-02-0.114394049E-02
-0.776829198E-03-0.436454400E-03-0.119658383E-03 0.176330432E-03 0.453959656E-03
 0.715406146E-03 0.962621358E-03 0.119737035E-02 0.142126554E-02 0.163579581E-02
 0.184235245E-02 0.204225234E-02 0.223675813E-02 0.242709601E-02 0.261447276E-02
 0.280008977E-02 0.298515568E-02 0.317089562E-02 0.335856038E-02 0.354943052E-02
 0.374481804E-02 0.394606590E-02 0.415453967E-02 0.437161978E-02 0.459868554E-02
 0.483709481E-02 0.508816121E-02 0.535312621E-02 0.563312927E-02 0.592917902E-02
 0.624212017E-02 0.657260884E-02 0.692109065E-02 0.728778401E-02 0.767267309E-02
 0.577360531E-02 0.481149182E-02 0.381523580E-02 0.278289011E-02 0.171309197E-02
 0.605675392E-03-0.537295709E-03-0.164252182E-02-0.263300631E-02-0.350852171E-02
-0.426887674E-02-0.491387863E-02-0.544333132E-02-0.585703831E-02-0.615480170E-02
-0.633642403E-02-0.640170788E-02-0.635045720E-02-0.618247781E-02-0.589757832E-02
-0.549556967E-02-0.497626746E-02-0.440124376E-02-0.385765941E-02-0.334804109E-02
-0.287206238E-02-0.242812326E-02-0.201399904E-02-0.162721437E-02-0.126525608E-02
-0.925686909E-03-0.606202753E-03-0.304656511E-03-0.190626652E-04 0.252408790E-03
 0.511444174E-03 0.759600662E-03 0.998322153E-03 0.122895488E-02 0.145276298E-02
 0.167094311E-02 0.188463845E-02 0.209495123E-02 0.230295514E-02 0.250970526E-02
 0.271624792E-02 0.292362785E-02 0.313289533E-02 0.334510952E-02 0.356134120E-02
 0.378267234E-02 0.401019305E-02 0.424499670E-02 0.448816922E-02 0.474077975E-02
 0.500386441E-02 0.527841132E-02 0.556533970E-02 0.586548168E-02 0.617956184E-02
 0.650817854E-02 0.685178628E-02 0.721068401E-02 0.758500444E-02 0.797471032E-02
 0.589220552E-02 0.499387039E-02 0.407455163E-02 0.313520664E-02 0.217794417E-02
 0.120658975E-02 0.227456534E-03-0.749659899E-03-0.170996599E-02-0.259099901E-02
-0.335658202E-02-0.400648732E-02-0.454048486E-02-0.495834043E-02-0.525981886E-02
-0.544468267E-02-0.551269483E-02-0.546361832E-02-0.529721659E-02-0.501325680E-02
-0.463932427E-02-0.424250867E-02-0.383896590E-02-0.343849976E-02-0.304732611E-02
-0.266909064E-02-0.230566389E-02-0.195772573E-02-0.162517815E-02-0.130743079E-02
-0.100359495E-02-0.712612644E-03-0.433341600E-03-0.164610188E-03 0.947485241E-04
 0.345876528E-03 0.589879928E-03 0.827824580E-03 0.106073567E-02 0.128960004E-02
 0.151537044E-02 0.173897075E-02 0.196130155E-02 0.218324526E-02 0.240567257E-02
 0.262944633E-02 0.285542570E-02 0.308447005E-02 0.331743946E-02 0.355519517E-02
 0.379859912E-02 0.404850952E-02 0.430577667E-02 0.457123481E-02 0.484569417E-02
 0.512993103E-02 0.542467320E-02 0.573058985E-02 0.604827795E-02 0.637824601E-02
 0.672090705E-02 0.707656378E-02 0.744540151E-02 0.782748312E-02 0.822274480E-02
 0.608648360E-02 0.525156874E-02 0.440631760E-02 0.355324103E-02 0.269598397E-02
 0.183967059E-02 0.991288805E-03 0.160071664E-03-0.642216532E-03-0.140124839E-02
-0.210056617E-02-0.272268895E-02-0.325097516E-02-0.367202517E-02-0.397804193E-02
-0.416835258E-02-0.424949313E-02-0.423381943E-02-0.413719891E-02-0.397658115E-02
-0.376806408E-02-0.352570671E-02-0.326103717E-02-0.298304670E-02-0.269845896E-02
-0.241210754E-02-0.212732470E-02-0.184629043E-02-0.157032127E-02-0.130010082E-02
-0.103585667E-02-0.777493638E-03-0.524693052E-03-0.276984531E-03-0.337983001E-04
 0.205497592E-03 0.441571494E-03 0.675110496E-03 0.906808767E-03 0.113736046E-02
 0.136745546E-02 0.159777817E-02 0.182900624E-02 0.206181244E-02 0.229686475E-02
 0.253482861E-02 0.277636643E-02 0.302214036E-02 0.327281002E-02 0.352903269E-02
 0.379146100E-02 0.406073965E-02 0.433750125E-02 0.462235976E-02 0.491590472E-02
 0.521869352E-02 0.553124258E-02 0.585401803E-02 0.618742732E-02 0.653181039E-02
 0.688743126E-02 0.725447154E-02 0.763302390E-02 0.802308973E-02 0.842457823E-02
 0.632407889E-02 0.554701313E-02 0.476731686E-02 0.398805318E-02 0.321317627E-02
 0.244768872E-02 0.169777824E-02 0.970894820E-03 0.275715749E-03-0.378065364E-03
-0.980183831E-03-0.152051030E-02-0.198997743E-02-0.238159439E-02-0.269133900E-02
-0.291869510E-02-0.306668296E-02-0.314137177E-02-0.315101771E-02-0.310505368E-02
-0.301314797E-02-0.288447225E-02-0.272723217E-02-0.254843570E-02-0.235384353E-02
-0.214804034E-02-0.193456630E-02-0.171607663E-02-0.149449822E-02-0.127117417E-02
-0.104698830E-02-0.822469185E-03-0.597873819E-03-0.373255258E-03-0.148514635E-03
 0.765580189E-04 0.302252942E-03 0.528917415E-03 0.756938476E-03 0.986730447E-03
 0.121872581E-02 0.145336939E-02 0.169111381E-02 0.193241669E-02 0.217773905E-02
 0.242754444E-02 0.268229656E-02 0.294246036E-02 0.320849847E-02 0.348087167E-02
 0.376003445E-02 0.404643361E-02 0.434050336E-02 0.464266259E-02 0.495330710E-02
 0.527280662E-02 0.560149737E-02 0.593967550E-02 0.628759200E-02 0.664544478E-02
 0.701337587E-02 0.739146397E-02 0.777972396E-02 0.817810092E-02 0.858647190E-02
 0.658003287E-02 0.585275842E-02 0.512797665E-02 0.440873578E-02 0.369870826E-02
 0.300224312E-02 0.232438231E-02 0.167082658E-02 0.104782404E-02 0.461964170E-03
-0.801340793E-04-0.572229910E-03-0.100892852E-02-0.138614594E-02-0.170149026E-02
-0.195448310E-02-0.214657281E-02-0.228093588E-02-0.236211298E-02-0.239555142E-02
-0.238713669E-02-0.234277989E-02-0.226809666E-02-0.216819253E-02-0.204754528E-02
-0.190996507E-02-0.175860873E-02-0.159603090E-02-0.142425147E-02-0.124483067E-02
-0.105894310E-02-0.867445604E-03-0.670937472E-03-0.469812512E-03-0.264302274E-03
-0.545119401E-04 0.159550880E-03 0.377952907E-03 0.600817089E-03 0.828308403E-03
 0.106062309E-02 0.129798055E-02 0.154061697E-02 0.178878126E-02 0.204273127E-02
 0.230273162E-02 0.256905123E-02 0.284196134E-02 0.312173460E-02 0.340864225E-02
 0.370295183E-02 0.400492549E-02 0.431481516E-02 0.463286182E-02 0.495928945E-02
 0.529430062E-02 0.563807413E-02 0.599075947E-02 0.635247119E-02 0.672328658E-02
 0.710324151E-02 0.749232620E-02 0.789048336E-02 0.829760730E-02 0.871354062E-02
 0.683663134E-02 0.615042029E-02 0.546984747E-02 0.479768869E-02 0.413713418E-02
 0.349178654E-02 0.286563509E-02 0.226299511E-02 0.168840063E-02 0.114645041E-02
 0.641610066E-03 0.177977432E-03-0.240963083E-03-0.612570497E-03-0.935227843E-03
-0.120844436E-02-0.143286283E-02-0.161017000E-02-0.174292654E-02-0.183434458E-02
-0.188804499E-02-0.190782466E-02-0.189745612E-02-0.186053233E-02-0.180035818E-02
-0.171988702E-02-0.162169326E-02-0.150797307E-02-0.138056418E-02-0.124097709E-02
-0.109043310E-02-0.929902832E-03-0.760144729E-03-0.581740460E-03-0.395126670E-03
-0.200622235E-03 0.154789336E-05 0.211233244E-03 0.428341620E-03 0.652826158E-03
 0.884674955E-03 0.112390297E-02 0.137054548E-02 0.162465405E-02 0.188629201E-02
 0.215553213E-02 0.243245438E-02 0.271714339E-02 0.300968764E-02 0.331017748E-02
 0.361870229E-02 0.393535011E-02 0.426020380E-02 0.459333975E-02 0.493482314E-02
 0.528470753E-02 0.564303016E-02 0.600980828E-02 0.638503674E-02 0.676868483E-02
 0.716069434E-02 0.756097492E-02 0.796940550E-02 0.838582870E-02 0.881005637E-02
 0.708218617E-02 0.642863661E-02 0.578246219E-02 0.514609041E-02 0.452221138E-02
 0.391376251E-02 0.332389143E-02 0.275589596E-02 0.221314211E-02 0.169895985E-02
 0.121651648E-02 0.768680999E-03 0.357888406E-03-0.139822696E-04-0.345700828E-03
-0.636738143E-03-0.887270959E-03-0.109813828E-02-0.127075694E-02-0.140700582E-02
-0.150909508E-02-0.157943368E-02-0.162050629E-02-0.163476972E-02-0.162457116E-02
-0.159209105E-02-0.153930706E-02-0.146797730E-02-0.137963786E-02-0.127561158E-02
-0.115702336E-02-0.102482049E-02-0.879794010E-03-0.722600787E-03-0.553784659E-03
-0.373795396E-03-0.183006225E-03 0.182717340E-04 0.229776706E-03 0.451286032E-03
 0.682607759E-03 0.923574087E-03 0.117403630E-02 0.143386063E-02 0.170292577E-02
 0.198112032E-02 0.226834184E-02 0.256449427E-02 0.286948797E-02 0.318323891E-02
 0.350566558E-02 0.383668998E-02 0.417623436E-02 0.452422118E-02 0.488056848E-02
 0.524519105E-02 0.561799575E-02 0.599888060E-02 0.638773013E-02 0.678441674E-02
 0.718879560E-02 0.760070328E-02 0.801995769E-02 0.844635628E-02 0.887967274E-02
 0.730960676E-02 0.668108184E-02 0.606070599E-02 0.545056257E-02 0.485290308E-02
 0.427012518E-02 0.370473764E-02 0.315931463E-02 0.263643474E-02 0.213861070E-02
 0.166821072E-02 0.122737663E-02 0.817945227E-03 0.441379787E-03 0.987188541E-04
-0.209452919E-03-0.483008625E-03-0.722257304E-03-0.927899498E-03-0.110096531E-02
-0.124274136E-02-0.135469355E-02-0.143839349E-02-0.149545027E-02-0.152745517E-02
-0.153593731E-02-0.152233220E-02-0.148796232E-02-0.143402757E-02-0.136160315E-02
-0.127164461E-02-0.116499607E-02-0.104240188E-02-0.904518936E-03-0.751929416E-03
-0.585153175E-03-0.404659135E-03-0.210874932E-03-0.419552362E-05 0.215009888E-03
 0.446392398E-03 0.689619221E-03 0.944370637E-03 0.121033809E-02 0.148722250E-02
 0.177473435E-02 0.207259227E-02 0.238052406E-02 0.269826595E-02 0.302556227E-02
 0.336216670E-02 0.370783964E-02 0.406234944E-02 0.442547072E-02 0.479698321E-02
 0.517667038E-02 0.556431757E-02 0.595971057E-02 0.636263425E-02 0.677286927E-02
 0.719019212E-02 0.761437183E-02 0.804517046E-02 0.848233886E-02 0.892561954E-02
 0.751514267E-02 0.690489728E-02 0.630292296E-02 0.571100088E-02 0.513102068E-02
 0.456495956E-02 0.401485572E-02 0.348277204E-02 0.297075487E-02 0.248078583E-02
 0.201473292E-02 0.157429825E-02 0.116097205E-02 0.775991823E-03 0.420311902E-03
 0.945861175E-04-0.200835973E-03-0.465898134E-03-0.700813951E-03-0.906032743E-03
-0.108219881E-02-0.123010622E-02-0.135065499E-02-0.144480856E-02-0.151355739E-02
-0.155788893E-02-0.157876429E-02-0.157710200E-02-0.155376818E-02-0.150957261E-02
-0.144526793E-02-0.136155391E-02-0.125908211E-02-0.113846292E-02-0.100027304E-02
-0.845062023E-03-0.673359085E-03-0.485678465E-03-0.282523804E-03-0.643915482E-04
 0.168226950E-03 0.414844311E-03 0.674976967E-03 0.948145462E-03 0.123387575E-02
 0.153170049E-02 0.184116035E-02 0.216180622E-02 0.249320013E-02 0.283491681E-02
 0.318654464E-02 0.354768638E-02 0.391795859E-02 0.429699384E-02 0.468443660E-02
 0.507994555E-02 0.548319099E-02 0.589385442E-02 0.631162478E-02 0.673619937E-02
 0.716728158E-02 0.760457758E-02 0.804779679E-02 0.849665049E-02 0.895084720E-02
 0.769742206E-02 0.709957164E-02 0.650967192E-02 0.592924841E-02 0.535990158E-02
 0.480328873E-02 0.426110206E-02 0.373504404E-02 0.322679849E-02 0.273799896E-02
 0.227019587E-02 0.182482495E-02 0.140317786E-02 0.100637705E-02 0.635357224E-03
 0.290853466E-03-0.266017196E-04-0.316673890E-03-0.579214597E-03-0.814243103E-03
-0.102192385E-02-0.120254164E-02-0.135647552E-02-0.148417521E-02-0.158613839E-02
-0.166289264E-02-0.171498093E-02-0.174295146E-02-0.174735079E-02-0.172872096E-02
-0.168759923E-02-0.162451994E-02-0.154001720E-02-0.143462862E-02-0.130889961E-02
-0.116338627E-02-0.998658477E-03-0.815301086E-03-0.613914977E-03-0.395116367E-03
-0.159535281E-03 0.921869578E-04 0.359400787E-03 0.641452149E-03 0.937686593E-03
 0.124745327E-02 0.157010916E-02 0.190502254E-02 0.225157687E-02 0.260917307E-02
 0.297723268E-02 0.335519924E-02 0.374253932E-02 0.413874304E-02 0.454332493E-02
 0.495582214E-02 0.537579507E-02 0.580282509E-02 0.623651315E-02 0.667647831E-02
 0.712235644E-02 0.757379690E-02 0.803046208E-02 0.849202555E-02 0.895816833E-02
 0.785676390E-02 0.726619456E-02 0.668294355E-02 0.610832591E-02 0.554371299E-02
 0.499051716E-02 0.445017545E-02 0.392413465E-02 0.341382949E-02 0.292066159E-02
 0.244598091E-02 0.199106312E-02 0.155709218E-02 0.114514388E-02 0.756174501E-03
 0.391012698E-03 0.503561096E-04-0.265227252E-03-0.555293576E-03-0.819514680E-03
-0.105766661E-02-0.126961747E-02-0.145531434E-02-0.161477167E-02-0.174806034E-02
-0.185529934E-02-0.193665025E-02-0.199231273E-02-0.202252390E-02-0.202755886E-02
-0.200773170E-02-0.196340005E-02-0.189496588E-02-0.180288055E-02-0.168764533E-02
-0.154981331E-02-0.138998858E-02-0.120882480E-02-0.100702187E-02-0.785321346E-03
-0.544500770E-03-0.285367132E-03-0.874926900E-05 0.284509588E-03 0.593559700E-03
 0.917552272E-03 0.125564658E-02 0.160701643E-02 0.197085598E-02 0.234638434E-02
 0.273284968E-02 0.312953210E-02 0.353574520E-02 0.395083847E-02 0.437419629E-02
 0.480523892E-02 0.524342060E-02 0.568822864E-02 0.613918109E-02 0.659582624E-02
 0.705773849E-02 0.752451783E-02 0.799578521E-02 0.847118255E-02 0.895036850E-02
 0.799471233E-02 0.740697747E-02 0.682569621E-02 0.625201082E-02 0.568710780E-02
 0.513220998E-02 0.458856346E-02 0.405742833E-02 0.354006514E-02 0.303772069E-02
 0.255161687E-02 0.208293623E-02 0.163281208E-02 0.120231754E-02 0.792458537E-03
 0.404168532E-03 0.383052648E-04-0.304349640E-03-0.623089378E-03-0.917279103E-03
-0.118635234E-02-0.142980705E-02-0.164720195E-02-0.183815416E-02-0.200233795E-02
-0.213948567E-02-0.224938919E-02-0.233190437E-02-0.238695648E-02-0.241454551E-02
-0.241475226E-02-0.238774531E-02-0.233378494E-02-0.225322763E-02-0.214652671E-02
-0.201423303E-02-0.185699109E-02-0.167553488E-02-0.147067953E-02-0.124331284E-02
-0.994383823E-03-0.724891433E-03-0.435871363E-03-0.128383865E-03 0.196498979E-03
 0.537704967E-03 0.894172699E-03 0.126486120E-02 0.164875796E-02 0.204488658E-02
 0.245231134E-02 0.287014153E-02 0.329753477E-02 0.373369735E-02 0.417788560E-02
 0.462940522E-02 0.508760987E-02 0.555189885E-02 0.602171570E-02 0.649654400E-02
 0.697590737E-02 0.745936204E-02 0.794649776E-02 0.843693316E-02 0.893031154E-02
 0.811373722E-02 0.752496347E-02 0.694159418E-02 0.636462355E-02 0.579508720E-02
 0.523405382E-02 0.468262099E-02 0.414190860E-02 0.361304963E-02 0.309718377E-02
 0.259544980E-02 0.210897881E-02 0.163888815E-02 0.118627574E-02 0.752216205E-03
 0.337757927E-03-0.560795670E-04-0.428306405E-03-0.777963607E-03-0.110412377E-02
-0.140589266E-02-0.168241106E-02-0.193285896E-02-0.215646066E-02-0.235249195E-02
-0.252028997E-02-0.265926332E-02-0.276890560E-02-0.284880749E-02-0.289867097E-02
-0.291832234E-02-0.290772226E-02-0.286697596E-02-0.279633841E-02-0.269621704E-02
-0.256716996E-02-0.240990124E-02-0.222525117E-02-0.201418367E-02-0.177777151E-02
-0.151717826E-02-0.123363954E-02-0.928443973E-03-0.602913264E-03-0.258384011E-03
 0.103809354E-03 0.482350297E-03 0.875953352E-03 0.128337543E-02 0.170342473E-02
 0.213496783E-02 0.257693417E-02 0.302831898E-02 0.348818535E-02 0.395566272E-02
 0.442994758E-02 0.491029909E-02 0.539603783E-02 0.588654215E-02 0.638124254E-02
 0.687962072E-02 0.738120265E-02 0.788555574E-02 0.839228649E-02 0.890103169E-02
 0.821704138E-02 0.762386015E-02 0.703487312E-02 0.645094411E-02 0.587297603E-02
 0.530190766E-02 0.473871315E-02 0.418439787E-02 0.363999512E-02 0.310656289E-02
 0.258518266E-02 0.207695574E-02 0.158300251E-02 0.110446033E-02 0.642483472E-03
 0.198242240E-03-0.227077617E-03-0.632275478E-03-0.101613766E-02-0.137744017E-02
-0.171495310E-02-0.202744827E-02-0.231370749E-02-0.257253647E-02-0.280277990E-02
-0.300333975E-02-0.317319669E-02-0.331143336E-02-0.341725792E-02-0.349002844E-02
-0.352927460E-02-0.353471749E-02-0.350628491E-02-0.344412192E-02-0.334859453E-02
-0.322028785E-02-0.305999815E-02-0.286871707E-02-0.264761318E-02-0.239800685E-02
-0.212134444E-02-0.181916822E-02-0.149308855E-02-0.114475540E-02-0.775831111E-03
-0.387967302E-03 0.172166056E-04 0.438150950E-03 0.873329991E-03 0.132132287E-02
 0.178078131E-02 0.225044461E-02 0.272914208E-02 0.321579329E-02 0.370940613E-02
 0.420907512E-02 0.471397676E-02 0.522336503E-02 0.573656568E-02 0.625297148E-02
 0.677203713E-02 0.729327276E-02 0.781623833E-02 0.834053941E-02 0.886582118E-02
 0.830845069E-02 0.770794926E-02 0.711028418E-02 0.651619537E-02 0.592646142E-02
 0.534190377E-02 0.476338202E-02 0.419179909E-02 0.362809841E-02 0.307326647E-02
 0.252833473E-02 0.199438119E-02 0.147253356E-02 0.963971368E-03 0.469930092E-03
-0.829674445E-05-0.469354825E-03-0.911827898E-03-0.133423810E-02-0.173504918E-02
-0.211267220E-02-0.246547558E-02-0.279179937E-02-0.308997533E-02-0.335834944E-02
-0.359531352E-02-0.379933743E-02-0.396900624E-02-0.410305895E-02-0.420042966E-02
-0.426027970E-02-0.428203493E-02-0.426540896E-02-0.421041995E-02-0.411740132E-02
-0.398699520E-02-0.382014248E-02-0.361805828E-02-0.338220201E-02-0.311423955E-02
-0.281600258E-02-0.248944480E-02-0.213659997E-02-0.175954076E-02-0.136034156E-02
-0.941045641E-03-0.503637886E-03-0.500225651E-04 0.417993666E-03 0.898713770E-03
 0.139055785E-02 0.189206679E-02 0.240190327E-02 0.291884900E-02 0.344180129E-02
 0.396976667E-02 0.450185547E-02 0.503727281E-02 0.557531323E-02 0.611535134E-02
 0.665683346E-02 0.719927344E-02 0.774224196E-02 0.828536320E-02 0.882830471E-02
 0.839234050E-02 0.778204296E-02 0.717307953E-02 0.656606723E-02 0.596166262E-02
 0.536056561E-02 0.476352265E-02 0.417132955E-02 0.358483708E-02 0.300495396E-02
 0.243265415E-02 0.186898303E-02 0.131506473E-02 0.772109895E-03 0.241423957E-03
-0.275585277E-03-0.777400215E-03-0.126238819E-02-0.172879803E-02-0.217476068E-02
-0.259829359E-02-0.299731223E-02-0.336964638E-02-0.371306669E-02-0.402531726E-02
-0.430415757E-02-0.454741390E-02-0.475303363E-02-0.491914665E-02-0.504412781E-02
-0.512665417E-02-0.516576134E-02-0.516088447E-02-0.511188898E-02-0.501908222E-02
-0.488321343E-02-0.470544957E-02-0.448734174E-02-0.423077401E-02-0.393790752E-02
-0.361111411E-02-0.325291371E-02-0.286590983E-02-0.245273090E-02-0.201597949E-02
-0.155818858E-02-0.108178728E-02-0.589073636E-03-0.821971480E-04 0.436852890E-03
 0.966252526E-03 0.150434359E-02 0.204962958E-02 0.260077021E-02 0.315657188E-02
 0.371597754E-02 0.427805679E-02 0.484199543E-02 0.540708192E-02 0.597270019E-02
 0.653831568E-02 0.710346969E-02 0.766776828E-02 0.823087338E-02 0.879249815E-02
 0.847359467E-02 0.785145815E-02 0.722901756E-02 0.660675811E-02 0.598520553E-02
 0.536492979E-02 0.474654976E-02 0.413074158E-02 0.351824355E-02 0.290986709E-02
 0.230650534E-02 0.170914421E-02 0.111887651E-02 0.536914624E-03-0.353947398E-04
-0.596555532E-03-0.114490802E-02-0.167861558E-02-0.219565420E-02-0.269380608E-02
-0.317065953E-02-0.362361525E-02-0.404990511E-02-0.444661919E-02-0.481075002E-02
-0.513924751E-02-0.542909093E-02-0.567737175E-02-0.588138634E-02-0.603873422E-02
-0.614741538E-02-0.620591640E-02-0.621328643E-02-0.616918597E-02-0.607391214E-02
-0.592839438E-02-0.573415868E-02-0.549326930E-02-0.520824827E-02-0.488198176E-02
-0.451761903E-02-0.411847327E-02-0.368792634E-02-0.322934776E-02-0.274602231E-02
-0.224109576E-02-0.171753310E-02-0.117809046E-02-0.625298417E-03-0.614557284E-04
 0.511370075E-03 0.109133543E-02 0.167680962E-02 0.226636115E-02 0.285874121E-02
 0.345286843E-02 0.404781196E-02 0.464277482E-02 0.523708016E-02 0.583015569E-02
 0.642152084E-02 0.701077515E-02 0.759758800E-02 0.818168744E-02 0.876285229E-02
 0.855755992E-02 0.792199932E-02 0.728436699E-02 0.664500473E-02 0.600429205E-02
 0.536265038E-02 0.472054956E-02 0.407851953E-02 0.343715632E-02 0.279713771E-02
 0.215923553E-02 0.152433210E-02 0.893439166E-03 0.267718424E-03-0.351495517E-03
-0.962670951E-03-0.156405393E-02-0.215364317E-02-0.272916700E-02-0.328806345E-02
-0.382746826E-02-0.434421003E-02-0.483482052E-02-0.529556256E-02-0.572247477E-02
-0.611144537E-02-0.645830855E-02-0.675896229E-02-0.700951600E-02-0.720644137E-02
-0.734673627E-02-0.742807239E-02-0.744892424E-02-0.740865897E-02-0.730758114E-02
-0.714692380E-02-0.692879176E-02-0.665605580E-02-0.633221865E-02-0.596125703E-02
-0.554745970E-02-0.509527046E-02-0.460915035E-02-0.409345701E-02-0.355235627E-02
-0.298975105E-02-0.240924023E-02-0.181409332E-02-0.120724319E-02-0.591291697E-03
 0.314768731E-04 0.659075158E-03 0.128978922E-02 0.192215282E-02 0.255492167E-02
 0.318704802E-02 0.381765724E-02 0.444602547E-02 0.507155946E-02 0.569377793E-02
 0.631229673E-02 0.692681177E-02 0.753708975E-02 0.814295560E-02 0.874428079E-02
 0.865000393E-02 0.799992401E-02 0.734589249E-02 0.668809330E-02 0.602673739E-02
 0.536207249E-02 0.469439151E-02 0.402403995E-02 0.335143087E-02 0.267705764E-02
 0.200151326E-02 0.132551056E-02 0.649906462E-03-0.242689384E-04-0.695780385E-03
-0.136315124E-02-0.202462380E-02-0.267811725E-02-0.332118454E-02-0.395097025E-02
-0.456417399E-02-0.515702367E-02-0.572526269E-02-0.626416039E-02-0.676855305E-02
-0.723292492E-02-0.765152927E-02-0.801855978E-02-0.832836982E-02-0.857571978E-02
-0.875605177E-02-0.886575319E-02-0.890239049E-02-0.886487216E-02-0.875353813E-02
-0.857014302E-02-0.831775181E-02-0.800054427E-02-0.762357889E-02-0.719251484E-02
-0.671334565E-02-0.619215053E-02-0.563488808E-02-0.504723424E-02-0.443446869E-02
-0.380140427E-02-0.315235159E-02-0.249111559E-02-0.182100898E-02-0.114488241E-02
-0.465162157E-03 0.216107524E-03 0.897221675E-03 0.157677231E-02 0.225360948E-02
 0.292680436E-02 0.359561760E-02 0.425946899E-02 0.491791405E-02 0.557062030E-02
 0.621734885E-02 0.685793906E-02 0.749229267E-02 0.812036358E-02 0.874214713E-02
 0.875703432E-02 0.809188001E-02 0.742081041E-02 0.674383109E-02 0.606096396E-02
 0.537225557E-02 0.467778370E-02 0.397766847E-02 0.327208685E-02 0.256128679E-02
 0.184560812E-02 0.112550694E-02 0.401585508E-03-0.325372646E-03-0.105436030E-02
-0.178409752E-02-0.251297420E-02-0.323898555E-02-0.395966182E-02-0.467199087E-02
-0.537234265E-02-0.605639443E-02-0.671907514E-02-0.735452678E-02-0.795611180E-02
-0.851647649E-02-0.902768504E-02-0.948144961E-02-0.986944884E-02-0.101837395E-01
-0.104172267E-01-0.105641577E-01-0.106205568E-01-0.105845639E-01-0.104566040E-01
-0.102393581E-01-0.993755087E-02-0.955758151E-02-0.910706166E-02-0.859432388E-02
-0.802796055E-02-0.741643086E-02-0.676776376E-02-0.608935021E-02-0.538782449E-02
-0.466901949E-02-0.393796805E-02-0.319894613E-02-0.245553465E-02-0.171069312E-02
-0.966836815E-03-0.225911179E-03 0.510538230E-03 0.124130270E-02 0.196545478E-02
 0.268230052E-02 0.339133735E-02 0.409221929E-02 0.478472747E-02 0.546874478E-02
 0.614423677E-02 0.681123184E-02 0.746981101E-02 0.812009163E-02 0.876222271E-02
 0.888500642E-02 0.820480846E-02 0.751669100E-02 0.682046171E-02 0.611593202E-02
 0.540291611E-02 0.468124310E-02 0.395076163E-02 0.321135554E-02 0.246295636E-02
 0.170556619E-02 0.939280610E-03 0.164321827E-03-0.618921418E-03-0.140984461E-02
-0.220756629E-02-0.301085319E-02-0.381803233E-02-0.462688366E-02-0.543452008E-02
-0.623724842E-02-0.703042420E-02-0.780830160E-02-0.856390130E-02-0.928891636E-02
-0.997369085E-02-0.106073078E-01-0.111778481E-01-0.116728293E-01-0.120798703E-01
-0.123875253E-01-0.125862332E-01-0.126692196E-01-0.126332166E-01-0.124788275E-01
-0.122104753E-01-0.118359346E-01-0.113655543E-01-0.108113205E-01-0.101859327E-01
-0.950199552E-02-0.877141580E-02-0.800500344E-02-0.721226027E-02-0.640132325E-02
-0.557900267E-02-0.475088973E-02-0.392149575E-02-0.309439772E-02-0.227238517E-02
-0.145759329E-02-0.651619746E-03 0.144372912E-03 0.929572096E-03 0.170344382E-02
 0.246567396E-02 0.321612088E-02 0.395477610E-02 0.468173344E-02 0.539716380E-02
 0.610129582E-02 0.679439818E-02 0.747676985E-02 0.814872701E-02 0.881059654E-02
 0.904037058E-02 0.834579766E-02 0.764131080E-02 0.692651235E-02 0.620098179E-02
 0.546428142E-02 0.471595582E-02 0.395554304E-02 0.318257813E-02 0.239660894E-02
 0.159720983E-02 0.784005329E-03-0.433018213E-04-0.884891197E-03-0.174077449E-02
-0.261072954E-02-0.349421497E-02-0.439026160E-02-0.529733533E-02-0.621316256E-02
-0.713452231E-02-0.805699173E-02-0.897465739E-02-0.987979583E-02-0.107625667E-01
-0.116107455E-01-0.124096051E-01-0.131420335E-01-0.137890289E-01-0.143306796E-01
-0.147476643E-01-0.150231561E-01-0.151448427E-01-0.151066100E-01-0.149094546E-01
-0.145613477E-01-0.140761007E-01-0.134715438E-01-0.127675058E-01-0.119839823E-01
-0.111397598E-01-0.102515649E-01-0.933366828E-02-0.839783996E-02-0.745351054E-02
-0.650805468E-02-0.556710316E-02-0.463485718E-02-0.371436798E-02-0.280777854E-02
-0.191652507E-02-0.104149920E-02-0.183178912E-03 0.658269215E-03 0.148290955E-02
 0.229097530E-02 0.308282045E-02 0.385888293E-02 0.461965706E-02 0.536567066E-02
 0.609747134E-02 0.681561185E-02 0.752064399E-02 0.821310934E-02 0.889353454E-02
 0.922950078E-02 0.852188282E-02 0.780243892E-02 0.707056141E-02 0.632559089E-02
 0.556682143E-02 0.479349680E-02 0.400481187E-02 0.319991400E-02 0.237791007E-02
 0.153787236E-02 0.678852492E-03-0.200099457E-03-0.109990663E-02-0.202142494E-02
-0.296538696E-02-0.393232144E-02-0.492244493E-02-0.593551015E-02-0.697060442E-02
-0.802587345E-02-0.909815915E-02-0.101825353E-01-0.112717124E-01-0.123553406E-01
-0.134192258E-01-0.144445822E-01-0.154075241E-01-0.162791274E-01-0.170265120E-01
-0.176153108E-01-0.180136468E-01-0.181970131E-01-0.181528255E-01-0.178830083E-01
-0.174036119E-01-0.167416018E-01-0.159300771E-01-0.150035219E-01-0.139941750E-01
-0.129299248E-01-0.118335234E-01-0.107227024E-01-0.961076561E-02-0.850735884E-02
-0.741923740E-02-0.635094196E-02-0.530535728E-02-0.428415136E-02-0.328811444E-02
-0.231741206E-02-0.137177669E-02-0.450644409E-03 0.446742226E-03 0.132126152E-02
 0.217385986E-02 0.300551439E-02 0.381720625E-02 0.460990286E-02 0.538454624E-02
 0.614204258E-02 0.688326126E-02 0.760902697E-02 0.832012482E-02 0.901729334E-02
 0.945847016E-02 0.873980299E-02 0.800756272E-02 0.726093352E-02 0.649902644E-02
 0.572086871E-02 0.492540048E-02 0.411146786E-02 0.327781518E-02 0.242307968E-02
 0.154578860E-02 0.644355721E-03-0.282917492E-03-0.123783457E-02-0.222228980E-02
-0.323824072E-02-0.428766059E-02-0.537246652E-02-0.649440056E-02-0.765485223E-02
-0.885459129E-02-0.100933667E-01-0.113693196E-01-0.126781333E-01-0.140118403E-01
-0.153571963E-01-0.166936163E-01-0.179850347E-01-0.190923605E-01-0.199696627E-01
-0.206170119E-01-0.210344829E-01-0.212221481E-01-0.211800840E-01-0.209083706E-01
-0.204070825E-01-0.196762979E-01-0.187160950E-01-0.175265465E-01-0.161917172E-01
-0.148271201E-01-0.134605840E-01-0.121107921E-01-0.107896235E-01-0.950411893E-02
-0.825798884E-02-0.705271447E-02-0.588832749E-02-0.476394175E-02-0.367811602E-02
-0.262909755E-02-0.161498203E-02-0.633818156E-03 0.316326186E-03 0.123732246E-02
 0.213095732E-02 0.299892016E-02 0.384279736E-02 0.466407090E-02 0.546412263E-02
 0.624423614E-02 0.700560259E-02 0.774932792E-02 0.847643614E-02 0.918787625E-02
 0.973280799E-02 0.900572632E-02 0.826356746E-02 0.750533212E-02 0.672992179E-02
 0.593612250E-02 0.512259407E-02 0.428785523E-02 0.343026733E-02 0.254801661E-02
 0.163909385E-02 0.701273268E-03-0.267911557E-03-0.127119210E-02-0.231159013E-02
-0.339243957E-02-0.451740623E-02-0.569049269E-02-0.691602239E-02-0.819858722E-02
-0.954292342E-02-0.109536666E-01-0.124349138E-01-0.139894374E-01-0.156173417E-01
-0.173104275E-01-0.188786611E-01-0.202169530E-01-0.213253591E-01-0.222039334E-01
-0.228527375E-01-0.232718308E-01-0.234612804E-01-0.234211516E-01-0.231515113E-01
-0.226524267E-01-0.219239648E-01-0.209661927E-01-0.197791811E-01-0.183629934E-01
-0.167189799E-01-0.150193349E-01-0.133911278E-01-0.118377907E-01-0.103584882E-01
-0.895010773E-02-0.760843931E-02-0.632885937E-02-0.510671223E-02-0.393751496E-02
-0.281706173E-02-0.174146600E-02-0.707168481E-03 0.289071933E-03 0.125019811E-02
 0.217887759E-02 0.307752821E-02 0.394834112E-02 0.479330402E-02 0.561422203E-02
 0.641273754E-02 0.719034439E-02 0.794840604E-02 0.868816860E-02 0.941076968E-02
 0.100572510E-01 0.932495203E-02 0.857639499E-02 0.781043526E-02 0.702580484E-02
 0.622109324E-02 0.539473118E-02 0.454496779E-02 0.366984517E-02 0.276716822E-02
 0.183446927E-02 0.868966745E-03-0.132485206E-03-0.117345538E-02-0.225800648E-02
-0.339077995E-02-0.457709655E-02-0.582307763E-02-0.713578518E-02-0.852338783E-02
-0.999533758E-02-0.115625579E-01-0.132375853E-01-0.150345927E-01-0.169572271E-01
-0.187557284E-01-0.203244481E-01-0.216634274E-01-0.227727108E-01-0.236523449E-01
-0.243023802E-01-0.247228723E-01-0.249138717E-01-0.248754397E-01-0.246076323E-01
-0.241105091E-01-0.233841278E-01-0.224285498E-01-0.212438367E-01-0.198300462E-01
-0.181872379E-01-0.163154695E-01-0.144008696E-01-0.126208458E-01-0.109602530E-01
-0.940538477E-02-0.794418156E-02-0.656616036E-02-0.526225707E-02-0.402463973E-02
-0.284653064E-02-0.172204897E-02-0.646074768E-03 0.385867461E-03 0.137770444E-02
 0.233289553E-02 0.325449975E-02 0.414523296E-02 0.500751380E-02 0.584350526E-02
 0.665514590E-02 0.744418055E-02 0.821218360E-02 0.896057859E-02 0.969065633E-02
 0.104355067E-01 0.970163662E-02 0.895071775E-02 0.818150770E-02 0.739262626E-02
 0.658253394E-02 0.574950827E-02 0.489161862E-02 0.400669174E-02 0.309227617E-02
 0.214559142E-02 0.116347405E-02 0.142306279E-03-0.922070700E-03-0.203446462E-02
-0.320046861E-02-0.442663673E-02-0.572070805E-02-0.709190033E-02-0.855130143E-02
-0.101123890E-01-0.117917480E-01-0.136100547E-01-0.155934645E-01-0.176165570E-01
-0.194152072E-01-0.209842678E-01-0.223237760E-01-0.234337673E-01-0.243142825E-01
-0.249653626E-01-0.253870543E-01-0.255794059E-01-0.255424641E-01-0.252762791E-01
-0.247809049E-01-0.240563937E-01-0.231027976E-01-0.219201688E-01-0.205085631E-01
-0.188680328E-01-0.169986337E-01-0.149350120E-01-0.129828537E-01-0.111896861E-01
-0.953093078E-02-0.798709318E-02-0.654249173E-02-0.518434308E-02-0.390210678E-02
-0.268699625E-02-0.153161760E-02-0.429694686E-03 0.624143053E-03 0.163452362E-02
 0.260546175E-02 0.354046118E-02 0.444259588E-02 0.531457737E-02 0.615880778E-02
 0.697742496E-02 0.777233858E-02 0.854526088E-02 0.929773320E-02 0.100311441E-01
 0.108700637E-01 0.101385666E-01 0.938966125E-02 0.862206798E-02 0.783436280E-02
 0.702495454E-02 0.619206391E-02 0.533369323E-02 0.444759103E-02 0.353120989E-02
 0.258165668E-02 0.159562903E-02 0.569337339E-03-0.501591887E-03-0.162223889E-02
-0.279854843E-02-0.403753296E-02-0.534754153E-02-0.673861755E-02-0.822298694E-02
-0.981573481E-02-0.115357721E-01-0.134072406E-01-0.154613601E-01-0.174894836E-01
-0.192881748E-01-0.208574608E-01-0.221973676E-01-0.233079251E-01-0.241891667E-01
-0.248411316E-01-0.252638552E-01-0.254573822E-01-0.254217498E-01-0.251570065E-01
-0.246631969E-01-0.239403639E-01-0.229885597E-01-0.218078271E-01-0.203982163E-01
-0.187597759E-01-0.168925542E-01-0.148066496E-01-0.127905067E-01-0.109495092E-01
-0.925428420E-02-0.768219866E-02-0.621544709E-02-0.483976863E-02-0.354356878E-02
-0.231729355E-02-0.115297979E-02-0.439205396E-04 0.101558410E-02 0.203041825E-02
 0.300479797E-02 0.394238718E-02 0.484638801E-02 0.571961701E-02 0.656456128E-02
 0.738342851E-02 0.817818753E-02 0.895059947E-02 0.970224664E-02 0.104345540E-01
 0.113620646E-01 0.106370058E-01 0.989462808E-02 0.913367234E-02 0.835274346E-02
 0.755028659E-02 0.672456529E-02 0.587363588E-02 0.499531440E-02 0.408713659E-02
 0.314631406E-02 0.216967450E-02 0.115359318E-02 0.939059537E-04-0.101419888E-02
-0.217631739E-02-0.339900469E-02-0.468999939E-02-0.605851831E-02-0.751564559E-02
-0.907485560E-02-0.107527282E-01-0.125699313E-01-0.145526137E-01-0.165753476E-01
-0.183739960E-01-0.199434068E-01-0.212836005E-01-0.223946050E-01-0.232764464E-01
-0.239291564E-01-0.243527684E-01-0.245473180E-01-0.245128423E-01-0.242493786E-01
-0.237569679E-01-0.230356492E-01-0.220854655E-01-0.209064595E-01-0.194986723E-01
-0.178621523E-01-0.159969367E-01-0.139376726E-01-0.119900312E-01-0.102015333E-01
-0.854759384E-02-0.700871227E-02-0.556919817E-02-0.421626400E-02-0.293936371E-02
-0.172970560E-02-0.579891959E-03 0.516357948E-03 0.156441808E-02 0.256891991E-02
 0.353388116E-02 0.446280837E-02 0.535877794E-02 0.622450421E-02 0.706239091E-02
 0.787457917E-02 0.866297912E-02 0.942930672E-02 0.101751033E-01 0.109017622E-01
 0.119112665E-01 0.111966496E-01 0.104652327E-01 0.971583743E-02 0.894716382E-02
 0.815777201E-02 0.734606525E-02 0.651026517E-02 0.564839039E-02 0.475822343E-02
 0.383727811E-02 0.288275559E-02 0.189149613E-02 0.859919994E-03-0.216043743E-03
-0.134104176E-02-0.252039731E-02-0.376023119E-02-0.506760227E-02-0.645067263E-02
-0.791888684E-02-0.948315579E-02-0.111560039E-01-0.129515873E-01-0.148735372E-01
-0.166720729E-01-0.182415266E-01-0.195819177E-01-0.206932668E-01-0.215755962E-01
-0.222289357E-01-0.226533115E-01-0.228487551E-01-0.228152964E-01-0.225529708E-01
-0.220618136E-01-0.213418603E-01-0.203931481E-01-0.192157160E-01-0.178095996E-01
-0.161748417E-01-0.143114794E-01-0.124056200E-01-0.106346598E-01-0.898343232E-02
-0.743822102E-02-0.598694989E-02-0.461912435E-02-0.332566909E-02-0.209874078E-02
-0.931552437E-03 0.181785188E-03 0.124640041E-02 0.226677558E-02 0.324684451E-02
 0.419007195E-02 0.509952242E-02 0.597791700E-02 0.682767946E-02 0.765097607E-02
 0.844975095E-02 0.922575220E-02 0.998055749E-02 0.107155954E-01 0.114321606E-01
 0.125160841E-01 0.118156765E-01 0.110993721E-01 0.103661232E-01 0.961478148E-02
 0.884408783E-02 0.805265829E-02 0.723897154E-02 0.640135212E-02 0.553795183E-02
 0.464673294E-02 0.372544420E-02 0.277159736E-02 0.178244407E-02 0.754950743E-03
-0.314225239E-03-0.142875256E-02-0.259263255E-02-0.381018431E-02-0.508598983E-02
-0.642477022E-02-0.783114601E-02-0.930919219E-02-0.108616585E-01-0.124886204E-01
-0.141818495E-01-0.157512799E-01-0.170917902E-01-0.182033982E-01-0.190861244E-01
-0.197399911E-01-0.201650225E-01-0.203612447E-01-0.203286856E-01-0.200673770E-01
-0.195773449E-01-0.188586246E-01-0.179112498E-01-0.167352520E-01-0.153306667E-01
-0.136988135E-01-0.120118549E-01-0.103968354E-01-0.885716267E-02-0.739197526E-02
-0.599813927E-02-0.467142509E-02-0.340719009E-02-0.220076111E-02-0.104763987E-02
 0.563932226E-04 0.111523794E-02 0.213246513E-02 0.311132614E-02 0.405477313E-02
 0.496548321E-02 0.584588107E-02 0.669816509E-02 0.752433063E-02 0.832618866E-02
 0.910538714E-02 0.986342598E-02 0.106016742E-01 0.113213835E-01 0.120236985E-01
 0.131737245E-01 0.124909077E-01 0.117934169E-01 0.110803675E-01 0.103508038E-01
 0.960369129E-02 0.883790944E-02 0.805224944E-02 0.724540325E-02 0.641596410E-02
 0.556241814E-02 0.468314392E-02 0.377641385E-02 0.284040184E-02 0.187319622E-02
 0.872829463E-03-0.162676646E-03-0.123523653E-02-0.234658457E-02-0.349809695E-02
-0.469052373E-02-0.592358969E-02-0.719540613E-02-0.850162376E-02-0.983423647E-02
-0.111799566E-01-0.125181582E-01-0.138127254E-01-0.149245216E-01-0.158075634E-01
-0.164618716E-01-0.168874655E-01-0.170843676E-01-0.170526039E-01-0.167921986E-01
-0.163031798E-01-0.155855753E-01-0.146394158E-01-0.134647302E-01-0.121455388E-01
-0.107973125E-01-0.944784284E-02-0.811577588E-02-0.681295618E-02-0.554639334E-02
-0.431976793E-02-0.313453586E-02-0.199070317E-02-0.887361064E-03 0.176951507E-03
 0.120400556E-02 0.219572196E-02 0.315406709E-02 0.408098614E-02 0.497836247E-02
 0.584799424E-02 0.669157971E-02 0.751071470E-02 0.830688979E-02 0.908149406E-02
 0.983581878E-02 0.105710635E-01 0.112883393E-01 0.119886780E-01 0.126730362E-01
 0.138803832E-01 0.132180434E-01 0.125424899E-01 0.118530216E-01 0.111488942E-01
 0.104293209E-01 0.969346706E-02 0.894045457E-02 0.816936605E-02 0.737924827E-02
 0.656912057E-02 0.573798968E-02 0.488486793E-02 0.400880305E-02 0.310891680E-02
 0.218446436E-02 0.123491162E-02 0.260045810E-03-0.739875366E-03-0.176391937E-02
-0.281020603E-02-0.387554546E-02-0.495496998E-02-0.604114728E-02-0.712367520E-02
-0.818830542E-02-0.921619404E-02-0.101833912E-01-0.110609122E-01-0.118158069E-01
-0.124136442E-01-0.128224744E-01-0.130177280E-01-0.129867503E-01-0.127313994E-01
-0.122676603E-01-0.116224354E-01-0.108287660E-01-0.992107484E-02-0.893154740E-02
-0.788801815E-02-0.681319088E-02-0.572475232E-02-0.463596219E-02-0.355642708E-02
-0.249286625E-02-0.144978776E-02-0.430045591E-03 0.564719317E-03 0.153374160E-02
 0.247687683E-02 0.339441304E-02 0.428693090E-02 0.515520386E-02 0.600012438E-02
 0.682265125E-02 0.762377214E-02 0.840447936E-02 0.916574895E-02 0.990853179E-02
 0.106337434E-01 0.113422591E-01 0.120349145E-01 0.127125010E-01 0.133757666E-01
 0.146314809E-01 0.139919445E-01 0.133408047E-01 0.126775522E-01 0.120016569E-01
 0.113125779E-01 0.106097637E-01 0.989265926E-02 0.916071795E-02 0.841341168E-02
 0.765024917E-02 0.687079737E-02 0.607471215E-02 0.526177743E-02 0.443195552E-02
 0.358545245E-02 0.272280490E-02 0.184498704E-02 0.953549228E-03 0.507894183E-04
-0.860036293E-03-0.177446182E-02-0.268652174E-02-0.358843571E-02-0.447029574E-02
-0.531980908E-02-0.612217188E-02-0.686019240E-02-0.751478691E-02-0.806595944E-02
-0.849430356E-02-0.878290553E-02-0.891936757E-02-0.889748987E-02-0.871818792E-02
-0.838935096E-02-0.792471040E-02-0.734202471E-02-0.666104909E-02-0.590171106E-02
-0.508273486E-02-0.422078557E-02-0.333007984E-02-0.242233486E-02-0.150693604E-02
-0.591213407E-03 0.319240266E-03 0.122025923E-02 0.210882374E-02 0.298281875E-02
 0.384083344E-02 0.468199793E-02 0.550585333E-02 0.631225063E-02 0.710126944E-02
 0.787315518E-02 0.862827525E-02 0.936707668E-02 0.100900643E-01 0.107977754E-01
 0.114907650E-01 0.121695958E-01 0.128348274E-01 0.134870093E-01 0.141266799E-01
 0.154219223E-01 0.148069300E-01 0.141820181E-01 0.135468561E-01 0.129011208E-01
 0.122444993E-01 0.115767010E-01 0.108974604E-01 0.102065587E-01 0.950383581E-02
 0.878920965E-02 0.806270726E-02 0.732449302E-02 0.657491013E-02 0.581453275E-02
 0.504422374E-02 0.426521106E-02 0.347917690E-02 0.268836180E-02 0.189568708E-02
 0.110489049E-02 0.320673105E-03-0.451153639E-03-0.120353559E-02-0.192808267E-02
-0.261504808E-02-0.325342198E-02-0.383118261E-02-0.433574663E-02-0.475462480E-02
-0.507626729E-02-0.529100420E-02-0.539195677E-02-0.537575083E-02-0.524288928E-02
-0.499769626E-02-0.464785146E-02-0.420361152E-02-0.367687875E-02-0.308026955E-02
-0.242631417E-02-0.172684842E-02-0.992616406E-03-0.233061335E-03 0.543735339E-03
 0.133101200E-02 0.212322129E-02 0.291589252E-02 0.370548293E-02 0.448923372E-02
 0.526503706E-02 0.603131857E-02 0.678693596E-02 0.753109436E-02 0.826327503E-02
 0.898317620E-02 0.969066843E-02 0.103857527E-01 0.110685322E-01 0.117391869E-01
 0.123979533E-01 0.130451079E-01 0.136809573E-01 0.143058281E-01 0.149200549E-01
 0.162463412E-01 0.156570673E-01 0.150595531E-01 0.144536383E-01 0.138391796E-01
 0.132160680E-01 0.125842327E-01 0.119436579E-01 0.112943938E-01 0.106365727E-01
 0.997043587E-02 0.929635298E-02 0.861485768E-02 0.792667735E-02 0.723278429E-02
 0.653443672E-02 0.583324069E-02 0.513121439E-02 0.443085562E-02 0.373522122E-02
 0.304799946E-02 0.237358455E-02 0.171713263E-02 0.108459650E-02 0.482717936E-03
-0.810355923E-04-0.598609739E-03-0.106159097E-02-0.146153010E-02-0.179035345E-02
-0.204083626E-02-0.220709224E-02-0.228501786E-02-0.227262685E-02-0.217021978E-02
-0.198035967E-02-0.170765771E-02-0.135840499E-02-0.940111524E-03-0.461014919E-03
 0.703809856E-04 0.645697815E-03 0.125698245E-02 0.189691212E-02 0.255891238E-02
 0.323720672E-02 0.392680988E-02 0.462348899E-02 0.532370107E-02 0.602451852E-02
 0.672355387E-02 0.741888583E-02 0.810898747E-02 0.879266765E-02 0.946901273E-02
 0.101373410E-01 0.107971579E-01 0.114481272E-01 0.120900366E-01 0.127227772E-01
 0.133463200E-01 0.139607005E-01 0.145660061E-01 0.151623636E-01 0.157499295E-01
 0.170993246E-01 0.165364146E-01 0.159668904E-01 0.153907323E-01 0.148079535E-01
 0.142186126E-01 0.136228222E-01 0.130207594E-01 0.124126840E-01 0.117989508E-01
 0.111800293E-01 0.105565293E-01 0.992922299E-02 0.929907709E-02 0.866728090E-02
 0.803529005E-02 0.740485918E-02 0.677808793E-02 0.615746249E-02 0.554589555E-02
 0.494676270E-02 0.436392892E-02 0.380175770E-02 0.326509983E-02 0.275925011E-02
 0.228986680E-02 0.186284503E-02 0.148414506E-02 0.115957297E-02 0.894527824E-03
 0.693727983E-03 0.560944958E-03 0.498770387E-03 0.508446479E-03 0.589780975E-03
 0.741159718E-03 0.959653873E-03 0.124120782E-02 0.158088340E-02 0.197313027E-02
 0.241205678E-02 0.289167603E-02 0.340611394E-02 0.394976977E-02 0.451743137E-02
 0.510434620E-02 0.570625393E-02 0.631939620E-02 0.694049755E-02 0.756673981E-02
 0.819572434E-02 0.882542785E-02 0.945416372E-02 0.100805387E-01 0.107034128E-01
 0.113218660E-01 0.119351652E-01 0.125427367E-01 0.131441392E-01 0.137390438E-01
 0.143272160E-01 0.149084991E-01 0.154828010E-01 0.160500798E-01 0.166103411E-01
 0.179755911E-01 0.174392294E-01 0.168977827E-01 0.163513422E-01 0.158000514E-01
 0.152440993E-01 0.146837393E-01 0.141192954E-01 0.135511775E-01 0.129798930E-01
 0.124060651E-01 0.118304491E-01 0.112539567E-01 0.106776701E-01 0.101028746E-01
 0.953107513E-02 0.896402821E-02 0.840376038E-02 0.785259716E-02 0.731317326E-02
 0.678845262E-02 0.628172373E-02 0.579659082E-02 0.533694355E-02 0.490690861E-02
 0.451077335E-02 0.415289076E-02 0.383755169E-02 0.356884347E-02 0.335048931E-02
 0.318568735E-02 0.307695847E-02 0.302601606E-02 0.303367502E-02 0.309980591E-02
 0.322334166E-02 0.340233510E-02 0.363406166E-02 0.391515484E-02 0.424176408E-02
 0.460971519E-02 0.501466729E-02 0.545225339E-02 0.591819687E-02 0.640840502E-02
 0.691903755E-02 0.744654890E-02 0.798771530E-02 0.853964034E-02 0.909975264E-02
 0.966579281E-02 0.102357911E-01 0.108080478E-01 0.113811055E-01 0.119537255E-01
 0.125248646E-01 0.130936485E-01 0.136593543E-01 0.142213879E-01 0.147792678E-01
 0.153326085E-01 0.158811081E-01 0.164245330E-01 0.169627126E-01 0.174955241E-01
 0.188701358E-01 0.183601212E-01 0.178464167E-01 0.173292123E-01 0.168087427E-01
 0.162853003E-01 0.157592390E-01 0.152309844E-01 0.147010451E-01 0.141700255E-01
 0.136386370E-01 0.131077133E-01 0.125782220E-01 0.120512834E-01 0.115281828E-01
 0.110103907E-01 0.104995724E-01 0.999760069E-02 0.950657111E-02 0.902879890E-02
 0.856682193E-02 0.812339038E-02 0.770144630E-02 0.730409194E-02 0.693454267E-02
 0.659606932E-02 0.629192311E-02 0.602524867E-02 0.579898898E-02 0.561578432E-02
 0.547787221E-02 0.538699748E-02 0.534433685E-02 0.535044633E-02 0.540523510E-02
 0.550796883E-02 0.565730315E-02 0.585134327E-02 0.608772179E-02 0.636369456E-02
 0.667624036E-02 0.702215964E-02 0.739817088E-02 0.780099258E-02 0.822741538E-02
 0.867435802E-02 0.913890731E-02 0.961835030E-02 0.101101920E-01 0.106121572E-01
 0.111221978E-01 0.116384821E-01 0.121593857E-01 0.126834810E-01 0.132095153E-01
 0.137364054E-01 0.142632127E-01 0.147891343E-01 0.153134847E-01 0.158356857E-01
 0.163552500E-01 0.168717727E-01 0.173849184E-01 0.178944189E-01 0.184000507E-01
 0.197783224E-01 0.192941353E-01 0.188075155E-01 0.183187202E-01 0.178280547E-01
 0.173358824E-01 0.168426223E-01 0.163487662E-01 0.158548821E-01 0.153616266E-01
 0.148697477E-01 0.143801039E-01 0.138936676E-01 0.134115377E-01 0.129349492E-01
 0.124652795E-01 0.120040597E-01 0.115529755E-01 0.111138709E-01 0.106887436E-01
 0.102797402E-01 0.988913979E-02 0.951933395E-02 0.917279627E-02 0.885204505E-02
 0.855959672E-02 0.829791371E-02 0.806933921E-02 0.787603855E-02 0.771992886E-02
 0.760262087E-02 0.752535881E-02 0.748897577E-02 0.749386335E-02 0.753995590E-02
 0.762673095E-02 0.775323110E-02 0.791809894E-02 0.811962411E-02 0.835580379E-02
 0.862440653E-02 0.892303418E-02 0.924919173E-02 0.960034039E-02 0.997395348E-02
 0.103675621E-01 0.107787848E-01 0.112053622E-01 0.116451718E-01 0.120962411E-01
 0.125567578E-01 0.130250640E-01 0.134996613E-01 0.139792012E-01 0.144624766E-01
 0.149484165E-01 0.154360747E-01 0.159246195E-01 0.164133236E-01 0.169015545E-01
 0.173887648E-01 0.178744812E-01 0.183583014E-01 0.188398845E-01 0.193189383E-01
 0.206959471E-01 0.202368293E-01 0.197763853E-01 0.193149224E-01 0.188527945E-01
 0.183904059E-01 0.179282203E-01 0.174667630E-01 0.170066282E-01 0.165484864E-01
 0.160930958E-01 0.156412981E-01 0.151940370E-01 0.147523545E-01 0.143174017E-01
 0.138904406E-01 0.134728486E-01 0.130661149E-01 0.126718432E-01 0.122917388E-01
 0.119276047E-01 0.115813240E-01 0.112548405E-01 0.109501332E-01 0.106691895E-01
 0.104139643E-01 0.101863472E-01 0.998811517E-02 0.982089061E-02 0.968609843E-02
 0.958492327E-02 0.951827504E-02 0.948676094E-02 0.949066505E-02 0.952993706E-02
 0.960419513E-02 0.971273985E-02 0.985457189E-02 0.100284275E-01 0.102328137E-01
 0.104660504E-01 0.107263131E-01 0.110116787E-01 0.113201654E-01 0.116497725E-01
 0.119985137E-01 0.123644453E-01 0.127456924E-01 0.131404651E-01 0.135470703E-01
 0.139639257E-01 0.143895606E-01 0.148226200E-01 0.152618634E-01 0.157061610E-01
 0.161544923E-01 0.166059360E-01 0.170596689E-01 0.175149571E-01 0.179711450E-01
 0.184276570E-01 0.188839864E-01 0.193396863E-01 0.197943673E-01 0.202476941E-01
 0.216192603E-01 0.211842749E-01 0.207489263E-01 0.203135516E-01 0.198785327E-01
 0.194442999E-01 0.190113354E-01 0.185801741E-01 0.181514155E-01 0.177257247E-01
 0.173038375E-01 0.168865621E-01 0.164747853E-01 0.160694756E-01 0.156716891E-01
 0.152825592E-01 0.149033098E-01 0.145352446E-01 0.141797438E-01 0.138382576E-01
 0.135122947E-01 0.132034132E-01 0.129131954E-01 0.126432348E-01 0.123951118E-01
 0.121703623E-01 0.119704548E-01 0.117967576E-01 0.116505073E-01 0.115327826E-01
 0.114444746E-01 0.113862641E-01 0.113586029E-01 0.113617014E-01 0.113955205E-01
 0.114597753E-01 0.115539404E-01 0.116772670E-01 0.118288016E-01 0.120074078E-01
 0.122118006E-01 0.124405706E-01 0.126922177E-01 0.129651781E-01 0.132578555E-01
 0.135686453E-01 0.138959568E-01 0.142382355E-01 0.145939756E-01 0.149617335E-01
 0.153401401E-01 0.157279037E-01 0.161238182E-01 0.165267605E-01 0.169356931E-01
 0.173496660E-01 0.177678075E-01 0.181893241E-01 0.186134968E-01 0.190396793E-01
 0.194672868E-01 0.198957976E-01 0.203247461E-01 0.207537170E-01 0.211823415E-01
 0.225449726E-01 0.221330654E-01 0.217216164E-01 0.213109814E-01 0.209015571E-01
 0.204937812E-01 0.200881362E-01 0.196851566E-01 0.192854293E-01 0.188895911E-01
 0.184983443E-01 0.181124490E-01 0.177327264E-01 0.173600633E-01 0.169954095E-01
 0.166397803E-01 0.162942503E-01 0.159599502E-01 0.156380683E-01 0.153298322E-01
 0.150365075E-01 0.147593813E-01 0.144997519E-01 0.142589100E-01 0.140381213E-01
 0.138386060E-01 0.136615206E-01 0.135079315E-01 0.133787980E-01 0.132749518E-01
 0.131970728E-01 0.131456824E-01 0.131211225E-01 0.131235514E-01 0.131529402E-01
 0.132090691E-01 0.132915387E-01 0.133997751E-01 0.135330455E-01 0.136904716E-01
 0.138710532E-01 0.140736885E-01 0.142971920E-01 0.145403175E-01 0.148017826E-01
 0.150802806E-01 0.153745078E-01 0.156831685E-01 0.160050001E-01 0.163387731E-01
 0.166833103E-01 0.170374829E-01 0.174002275E-01 0.177705400E-01 0.181474816E-01
 0.185301770E-01 0.189178176E-01 0.193096567E-01 0.197050069E-01 0.201032422E-01
 0.205037892E-01 0.209061280E-01 0.213097893E-01 0.217143465E-01 0.221194159E-01
 0.234702397E-01 0.230802801E-01 0.226914734E-01 0.223041810E-01 0.219188035E-01
 0.215357728E-01 0.211555641E-01 0.207786970E-01 0.204057321E-01 0.200372729E-01
 0.196739789E-01 0.193165503E-01 0.189657416E-01 0.186223537E-01 0.182872396E-01
 0.179612953E-01 0.176454633E-01 0.173407216E-01 0.170480888E-01 0.167686064E-01
 0.165033340E-01 0.162533466E-01 0.160197075E-01 0.158034731E-01 0.156056639E-01
 0.154272616E-01 0.152691845E-01 0.151322782E-01 0.150172962E-01 0.149248866E-01
 0.148555813E-01 0.148097835E-01 0.147877578E-01 0.147896251E-01 0.148153622E-01
 0.148647986E-01 0.149376253E-01 0.150333922E-01 0.151515296E-01 0.152913472E-01
 0.154520581E-01 0.156327859E-01 0.158325862E-01 0.160504542E-01 0.162853505E-01
 0.165362079E-01 0.168019477E-01 0.170814916E-01 0.173737742E-01 0.176777523E-01
 0.179924127E-01 0.183167774E-01 0.186499115E-01 0.189909209E-01 0.193389673E-01
 0.196932536E-01 0.200530365E-01 0.204176232E-01 0.207863711E-01 0.211586822E-01
 0.215340070E-01 0.219118390E-01 0.222917143E-01 0.226732083E-01 0.230559371E-01
 0.243926309E-01 0.240234528E-01 0.236560069E-01 0.232906528E-01 0.229277816E-01
 0.225678179E-01 0.222112183E-01 0.218584780E-01 0.215101242E-01 0.211667269E-01
 0.208288915E-01 0.204972625E-01 0.201725233E-01 0.198553968E-01 0.195466373E-01
 0.192470383E-01 0.189574193E-01 0.186786298E-01 0.184115414E-01 0.181570370E-01
 0.179160107E-01 0.176893566E-01 0.174779594E-01 0.172826853E-01 0.171043649E-01
 0.169437956E-01 0.168017149E-01 0.166788008E-01 0.165756531E-01 0.164927840E-01
 0.164306145E-01 0.163894631E-01 0.163695347E-01 0.163709261E-01 0.163936168E-01
 0.164374746E-01 0.165022518E-01 0.165875964E-01 0.166930538E-01 0.168180782E-01
 0.169620402E-01 0.171242356E-01 0.173039008E-01 0.175002236E-01 0.177123509E-01
 0.179394055E-01 0.181804895E-01 0.184347034E-01 0.187011473E-01 0.189789329E-01
 0.192671884E-01 0.195650663E-01 0.198717471E-01 0.201864447E-01 0.205084048E-01
 0.208369158E-01 0.211712979E-01 0.215109158E-01 0.218551718E-01 0.222035050E-01
 0.225553960E-01 0.229103602E-01 0.232679490E-01 0.236277487E-01 0.239893775E-01
 0.253100973E-01 0.249605291E-01 0.246131681E-01 0.242683683E-01 0.239265058E-01
 0.235879887E-01 0.232532509E-01 0.229227599E-01 0.225970093E-01 0.222765245E-01
 0.219618641E-01 0.216536131E-01 0.213523880E-01 0.210588332E-01 0.207736231E-01
 0.204974506E-01 0.202310327E-01 0.199751053E-01 0.197304133E-01 0.194977093E-01
 0.192777496E-01 0.190712847E-01 0.188790504E-01 0.187017620E-01 0.185401049E-01
 0.183947291E-01 0.182662364E-01 0.181551725E-01 0.180620234E-01 0.179871991E-01
 0.179310348E-01 0.178937856E-01 0.178756155E-01 0.178766008E-01 0.178967249E-01
 0.179358795E-01 0.179938693E-01 0.180704109E-01 0.181651395E-01 0.182776153E-01
 0.184073299E-01 0.185537152E-01 0.187161453E-01 0.188939553E-01 0.190864429E-01
 0.192928798E-01 0.195125174E-01 0.197445992E-01 0.199883617E-01 0.202430468E-01
 0.205079056E-01 0.207822062E-01 0.210652277E-01 0.213562790E-01 0.216546915E-01
 0.219598226E-01 0.222710632E-01 0.225878302E-01 0.229095742E-01 0.232357755E-01
 0.235659461E-01 0.238996278E-01 0.242363960E-01 0.245758481E-01 0.249176174E-01
 0.262209307E-01 0.258898158E-01 0.255612954E-01 0.252357088E-01 0.249134153E-01
 0.245948043E-01 0.242802836E-01 0.239702873E-01 0.236652754E-01 0.233657323E-01
 0.230721645E-01 0.227851048E-01 0.225051045E-01 0.222327430E-01 0.219686106E-01
 0.217133220E-01 0.214674994E-01 0.212317798E-01 0.210068040E-01 0.207932182E-01
 0.205916595E-01 0.204027630E-01 0.202271435E-01 0.200653970E-01 0.199180953E-01
 0.197857693E-01 0.196689162E-01 0.195679795E-01 0.194833558E-01 0.194153786E-01
 0.193643216E-01 0.193303842E-01 0.193137042E-01 0.193143394E-01 0.193322785E-01
 0.193674322E-01 0.194196422E-01 0.194886792E-01 0.195742473E-01 0.196759887E-01
 0.197934881E-01 0.199262779E-01 0.200738478E-01 0.202356447E-01 0.204110872E-01
 0.205995645E-01 0.208004527E-01 0.210131072E-01 0.212368835E-01 0.214711297E-01
 0.217152052E-01 0.219684672E-01 0.222302917E-01 0.225000698E-01 0.227772053E-01
 0.230611283E-01 0.233512856E-01 0.236471519E-01 0.239482224E-01 0.242540203E-01
 0.245640911E-01 0.248780046E-01 0.251953620E-01 0.255157799E-01 0.258389059E-01
 0.271237269E-01 0.268099438E-01 0.264990628E-01 0.261914041E-01 0.258873161E-01
 0.255871564E-01 0.252913125E-01 0.250001866E-01 0.247141998E-01 0.244337972E-01
 0.241594389E-01 0.238916036E-01 0.236307904E-01 0.233775098E-01 0.231322888E-01
 0.228956621E-01 0.226681791E-01 0.224503875E-01 0.222428422E-01 0.220460948E-01
 0.218606908E-01 0.216871649E-01 0.215260405E-01 0.213778131E-01 0.212429613E-01
 0.211219266E-01 0.210151207E-01 0.209229104E-01 0.208456200E-01 0.207835231E-01
 0.207368433E-01 0.207057446E-01 0.206903387E-01 0.206906721E-01 0.207067356E-01
 0.207384564E-01 0.207857043E-01 0.208482910E-01 0.209259745E-01 0.210184604E-01
 0.211254042E-01 0.212464239E-01 0.213810932E-01 0.215289518E-01 0.216895137E-01
 0.218622647E-01 0.220466796E-01 0.222422108E-01 0.224483050E-01 0.226644073E-01
 0.228899606E-01 0.231244080E-01 0.233672056E-01 0.236178115E-01 0.238757040E-01
 0.241403710E-01 0.244113170E-01 0.246880669E-01 0.249701589E-01 0.252571590E-01
 0.255486462E-01 0.258442219E-01 0.261435099E-01 0.264461506E-01 0.267518088E-01
 0.280173533E-01 0.277198199E-01 0.274254289E-01 0.271344855E-01 0.268473141E-01
 0.265642516E-01 0.262856558E-01 0.260118991E-01 0.257433690E-01 0.254804678E-01
 0.252236165E-01 0.249732472E-01 0.247298013E-01 0.244937371E-01 0.242655203E-01
 0.240456201E-01 0.238345172E-01 0.236326866E-01 0.234406106E-01 0.232587624E-01
 0.230876096E-01 0.229276065E-01 0.227791965E-01 0.226428006E-01 0.225188173E-01
 0.224076193E-01 0.223095492E-01 0.222249106E-01 0.221539754E-01 0.220969673E-01
 0.220540725E-01 0.220254268E-01 0.220111217E-01 0.220111925E-01 0.220256355E-01
 0.220543873E-01 0.220973399E-01 0.221543424E-01 0.222251881E-01 0.223096367E-01
 0.224074014E-01 0.225181617E-01 0.226415638E-01 0.227772184E-01 0.229247194E-01
 0.230836309E-01 0.232535042E-01 0.234338734E-01 0.236242693E-01 0.238242075E-01
 0.240332074E-01 0.242507830E-01 0.244764592E-01 0.247097611E-01 0.249502212E-01
 0.251973867E-01 0.254508127E-01 0.257100705E-01 0.259747412E-01 0.262444261E-01
 0.265187398E-01 0.267973151E-01 0.270798001E-01 0.273658596E-01 0.276551750E-01
 0.289008990E-01 0.286185872E-01 0.283396002E-01 0.280642267E-01 0.277927686E-01
 0.275255423E-01 0.272628758E-01 0.270051118E-01 0.267526060E-01 0.265057273E-01
 0.262648501E-01 0.260303672E-01 0.258026738E-01 0.255821757E-01 0.253692847E-01
 0.251644179E-01 0.249679908E-01 0.247804243E-01 0.246021319E-01 0.244335216E-01
 0.242749993E-01 0.241269507E-01 0.239897557E-01 0.238637701E-01 0.237493310E-01
 0.236467551E-01 0.235563293E-01 0.234783068E-01 0.234129168E-01 0.233603455E-01
 0.233207475E-01 0.232942384E-01 0.232808888E-01 0.232807323E-01 0.232937634E-01
 0.233199298E-01 0.233591441E-01 0.234112758E-01 0.234761536E-01 0.235535782E-01
 0.236433093E-01 0.237450749E-01 0.238585770E-01 0.239834897E-01 0.241194647E-01
 0.242661368E-01 0.244231187E-01 0.245900135E-01 0.247664135E-01 0.249519031E-01
 0.251460616E-01 0.253484715E-01 0.255587082E-01 0.257763546E-01 0.260010008E-01
 0.262322370E-01 0.264696702E-01 0.267129075E-01 0.269615781E-01 0.272153113E-01
 0.274737589E-01 0.277365800E-01 0.280034468E-01 0.282740518E-01 0.285480935E-01
 0.119312680E+01 0.121388888E+01 0.122827840E+01 0.124587393E+01 0.126436126E+01
 0.128337216E+01 0.130287063E+01 0.132304168E+01 0.134449148E+01 0.136588192E+01
 0.138753533E+01 0.140990734E+01 0.143340290E+01 0.145768428E+01 0.148236597E+01
 0.150766265E+01 0.153444576E+01 0.156168878E+01 0.158984578E+01 0.161889410E+01
 0.164878786E+01 0.168005502E+01 0.171214151E+01 0.174524224E+01 0.177949452E+01
 0.181510007E+01 0.185188401E+01 0.188998723E+01 0.192946303E+01 0.197036386E+01
 0.201282883E+01 0.205688477E+01 0.210271287E+01 0.215025759E+01 0.219962978E+01
 0.225105548E+01 0.230458736E+01 0.236045027E+01 0.241857028E+01 0.247912526E+01
 0.254244542E+01 0.260865951E+01 0.267796755E+01 0.275024796E+01 0.282603669E+01
 0.290584517E+01 0.298956585E+01 0.307736468E+01 0.316978192E+01 0.326766634E+01
 0.337061167E+01 0.347941518E+01 0.359523273E+01 0.371839714E+01 0.384953642E+01
 0.399107814E+01 0.414201641E+01 0.430616665E+01 0.448545265E+01 0.468266439E+01
 0.490653849E+01 0.516443443E+01 0.547566128E+01 0.592595959E+01 0.786430120E+01
   86   86
 0.109529531E+01 0.000000000E+00 0.109972072E+01 0.100000001E+00 0.110562503E+01
 0.177983016E+00 0.111232901E+01 0.250000000E+00 0.112480319E+01 0.349999994E+00
 0.113348031E+01 0.400000006E+00 0.115549743E+01 0.500000000E+00 0.117004406E+01
 0.550000012E+00 0.118696034E+01 0.600000024E+00 0.121187496E+01 0.664239943E+00
 0.123843753E+01 0.720303535E+00 0.126499999E+01 0.766899705E+00 0.129156256E+01
 0.805239499E+00 0.133221591E+01 0.850000024E+00 0.137125003E+01 0.882064104E+00
 0.140200782E+01 0.899999976E+00 0.145093751E+01 0.920982897E+00 0.150406253E+01
 0.931083202E+00 0.155718756E+01 0.931820333E+00 0.161031246E+01 0.924365044E+00
 0.166343749E+01 0.908505380E+00 0.169000006E+01 0.896970451E+00 0.174312496E+01
 0.871402979E+00 0.177772141E+01 0.850000024E+00 0.182281256E+01 0.819589555E+00
 0.184937501E+01 0.798679888E+00 0.190250003E+01 0.755107403E+00 0.192906249E+01
 0.730520368E+00 0.195972931E+01 0.699999988E+00 0.200486255E+01 0.649999976E+00
 0.203531241E+01 0.613668323E+00 0.206187510E+01 0.578107357E+00 0.208843756E+01
 0.538892150E+00 0.211500001E+01 0.495484918E+00 0.214156246E+01 0.447097898E+00
 0.216812491E+01 0.392731547E+00 0.219468760E+01 0.331026822E+00 0.222125006E+01
 0.259492487E+00 0.223917079E+01 0.200000003E+00 0.225155973E+01 0.150000006E+00
 0.226513314E+01 0.500000007E-01 0.226330066E+01-0.500000007E-01 0.224781251E+01
-0.136200815E+00 0.222976851E+01-0.200000003E+00 0.221087527E+01-0.250000000E+00
 0.218863702E+01-0.300000012E+00 0.216319871E+01-0.349999994E+00 0.213445663E+01
-0.400000006E+00 0.210217690E+01-0.449999988E+00 0.206608248E+01-0.500000000E+00
 0.203531241E+01-0.538072765E+00 0.200874996E+01-0.569341779E+00 0.198081326E+01
-0.600000024E+00 0.193412721E+01-0.649999976E+00 0.190250003E+01-0.682234883E+00
 0.187593746E+01-0.708603680E+00 0.183233142E+01-0.750000000E+00 0.179624999E+01
-0.784699082E+00 0.176968753E+01-0.809790075E+00 0.172543967E+01-0.850000024E+00
 0.169000006E+01-0.883684993E+00 0.166343749E+01-0.908328474E+00 0.161687207E+01
-0.949999988E+00 0.158375001E+01-0.982068360E+00 0.155718756E+01-0.100650644E+01
 0.150767958E+01-0.104999995E+01 0.147663939E+01-0.108039534E+01 0.144921625E+01
-0.110461140E+01 0.141947138E+01-0.104999995E+01 0.139145970E+01-0.100000000E+01
 0.136417460E+01-0.949999988E+00 0.133750451E+01-0.899999976E+00 0.131155670E+01
-0.850000024E+00 0.128651369E+01-0.800000012E+00 0.126262486E+01-0.750000000E+00
 0.123843753E+01-0.695525110E+00 0.121187496E+01-0.633096933E+00 0.118531251E+01
-0.564116299E+00 0.116387355E+01-0.500000000E+00 0.114882445E+01-0.449999988E+00
 0.113218749E+01-0.384064227E+00 0.111513972E+01-0.300000012E+00 0.110562503E+01
-0.232900128E+00 0.109764516E+01-0.150000006E+00 0.109465599E+01-0.500000007E-01
 0.109529531E+01 0.000000000E+00
 0.101600003E+01 0.000000000E+00 0.101600003E+01 0.963999987E+00 0.101600003E+01
 0.967999995E+00 0.101600003E+01 0.100100005E+01 0.101600003E+01 0.101900005E+01
 0.101600003E+01 0.107700002E+01 0.101600003E+01 0.107000005E+01 0.101600003E+01
 0.109599996E+01 0.101600003E+01 0.111300004E+01 0.101600003E+01 0.113800001E+01
 0.101600003E+01 0.114699996E+01 0.101199996E+01 0.116499996E+01 0.100100005E+01
 0.121700001E+01 0.102900004E+01 0.121700001E+01 0.104200006E+01 0.116240001E+01
 0.104600000E+01 0.116237998E+01 0.105599999E+01 0.116260004E+01 0.109700000E+01
 0.116450000E+01 0.110800004E+01 0.116594005E+01 0.111600006E+01 0.116591001E+01
 0.113399994E+01 0.116895998E+01 0.114800000E+01 0.117174995E+01 0.116199994E+01
 0.117556000E+01 0.118099999E+01 0.118299997E+01 0.118200004E+01 0.118350005E+01
 0.118499994E+01 0.118499994E+01 0.119000006E+01 0.118799996E+01 0.119500005E+01
 0.119099998E+01 0.120099998E+01 0.119599998E+01 0.120899999E+01 0.120200002E+01
 0.121500003E+01 0.120799994E+01 0.122200000E+01 0.121399999E+01 0.122800004E+01
 0.122099996E+01 0.123399997E+01 0.123099995E+01 0.123899996E+01 0.123800004E+01
 0.124199998E+01 0.124399996E+01 0.124800003E+01 0.125399995E+01 0.125800002E+01
 0.127800000E+01 0.126300001E+01 0.128999996E+01 0.127999997E+01 0.133099997E+01
 0.127999997E+01 0.134700000E+01 0.127999997E+01 0.134800005E+01 0.130999994E+01
 0.134800005E+01 0.132799995E+01 0.134800005E+01 0.136099994E+01 0.134800005E+01
 0.138000000E+01 0.134800005E+01 0.141900003E+01 0.134800005E+01 0.141900003E+01
 0.130999994E+01 0.137199998E+01 0.130999994E+01 0.137199998E+01 0.129200006E+01
 0.160800004E+01 0.109500003E+01 0.164699996E+01 0.107700002E+01 0.178499997E+01
 0.107700002E+01 0.206999993E+01 0.103999996E+01 0.212800002E+01 0.992999971E+00
 0.224499989E+01 0.708999991E+00 0.232299995E+01 0.518999994E+00 0.237700009E+01
 0.388999999E+00 0.236249995E+01 0.400000006E+00 0.236443496E+01 0.222000003E+00
 0.236496902E+01 0.133000001E+00 0.236532402E+01 0.439999998E-01 0.236512089E+01
-0.439999998E-01 0.236484194E+01-0.133000001E+00 0.236433411E+01-0.222000003E+00
 0.236249995E+01-0.400000006E+00 0.237700009E+01-0.388999999E+00 0.213400006E+01
-0.972999990E+00 0.178600001E+01-0.117400002E+01 0.176800001E+01-0.121099997E+01
 0.176800001E+01-0.125000000E+01 0.168200004E+01-0.125000000E+01 0.137199998E+01
-0.125000000E+01 0.137199998E+01-0.132900000E+01 0.141999996E+01-0.132900000E+01
 0.141999996E+01-0.136300004E+01 0.127300000E+01-0.136300004E+01 0.115300000E+01
-0.136300004E+01 0.101600003E+01-0.122300005E+01 0.101600003E+01-0.122300005E+01
 0.101600003E+01-0.829999983E+00 0.101600003E+01-0.800000012E+00 0.101600003E+01
-0.414999992E+00 0.101600003E+01-0.400000006E+00 0.101600003E+01-0.100000005E-02
 0.101600003E+01 0.000000000E+00
