 24-Oct-10 01/21/2000
 144977               1
  0.300050000E+04
*3000.50              1               0 SNB   3   2 CLC
  0.844971943E+01 0.169550003E+03-0.210940409E+01 0.996796938E+06
  0.996558625E+06 0.168043961E+03-0.860479069E+01 0.585783539E+02
  0.173880517E+01 0.255750805E+00 0.394724935E+00 0.170624680E+08
  0.170979034E+03 0.100520849E+01 0.691134548E+01 0.117882586E+01
  0.848973989E+00 0.961145580E+00 0.786586142E+01 0.990022373E+01
  0.357980957E+02 0.145388727E+02 0.510625362E+01-0.502636075E+00
  0.200066803E+03 0.135356247E+03 0.979326401E+02
  0.506504948E+14 0.584434823E+14 0.550700874E+14
  0.117092789E+03 0.117092789E+03
  0.649638885E+14 0.649638885E+14
  0.350214601E+01 0.250791222E+00 0.213906002E+01 0.160032499E+01
  0.728778601E+00 0.786430120E+01-0.500000000E+02-0.500000000E+02
 -0.500000000E+02 0.825211704E-01 0.166324062E+05 0.543766250E+06
  0.989654567E-03 0.128166711E+01 0.119312680E+01-0.587869342E-02
  0.137824726E+01 0.164435120E+03 0.000000000E+00 0.000000000E+00
  0.144921616E+03-0.110461143E+03-0.999000000E+03-0.999000000E+03
  0.172972298E+02-0.500000000E+02-0.207374144E+01-0.204860330E+01
  0.100000000E+03 0.346539421E+02 0.460336571E+02 0.786586142E+01
  0.174582092E+03 0.243942428E+01 0.320982188E+00 0.216070996E+04
  0.782205820E+00 0.108611631E+01 0.501001375E+06-0.743713372E-05
  0.252529949E+00 0.199077954E+04 0.114805865E+01 0.100000000E+02
     0    0    0    0



  0.394978188E-01 0.147491265E-01 0.934365671E-02-0.221150252E-02
  0.144415360E-02 0.937985256E-01-0.132474378E+00-0.278112680E+00
  0.177031383E+00 0.117673516E+00 0.197569095E-01 0.170756523E-01
  0.153124416E-01 0.339597613E-01 0.530896410E-01 0.457353555E-01
  0.312077459E-01-0.134408697E+00-0.121520676E+00-0.175441042E+00
 -0.122032970E+00 0.223938171E-01 0.102626691E-01 0.231052772E-02
  0.427943319E-01 0.115828469E+00 0.386040360E-01-0.215194508E+00
 -0.198106617E+00-0.170855805E+00-0.122111559E+00 0.133599028E+00
  0.115535155E+00 0.431513786E-01 0.431513786E-01 0.431513786E-01
  0.358377010E+00 0.376540035E+00 0.253160775E+00 0.185064942E+00                
