# #Template from /fusion/projects/solps-results/sas1_shared/abramst/DG/templates/SAS_prototypeL1R2b_extmesh2.ogr
# # from file: R[m] Z[m]
1.603920000000000073e+00 1.090140000000000100e+00
1.561115999999999985e+00 1.100595000000000027e+00
1.549518000000000029e+00 1.103378999999999905e+00
1.521190000000000055e+00 1.110199000000000069e+00
1.504650000000000091e+00 1.118223999999999933e+00
1.498021999999999935e+00 1.125646999999999935e+00
1.500900000000000091e+00 1.163549999999999955e+00
1.496549999999999955e+00 1.205910000000000082e+00
1.496710000000000036e+00 1.214049999999999955e+00
1.503019999999999982e+00 1.236910000000000082e+00
1.484059999999999945e+00 1.247220000000000027e+00
1.417779999999999973e+00 1.169450000000000045e+00
1.411750999999999976e+00 1.166219000000000051e+00
1.402247000000000071e+00 1.163672000000000025e+00
1.395744999999999891e+00 1.164817999999999984e+00
1.389920000000000073e+00 1.168210000000000036e+00
