  EFITD    01/21/2000    #144977  3001ms           7  65  65
 0.170000005E+01 0.320000005E+01 0.169550002E+01 0.839999974E+00 0.000000000E+00
 0.174582100E+01 0.243942421E-01-0.320982188E+00-0.825211704E-01-0.210940409E+01
 0.996558625E+06-0.320982188E+00 0.000000000E+00 0.174582100E+01 0.000000000E+00
 0.243942421E-01 0.000000000E+00-0.825211704E-01 0.000000000E+00 0.000000000E+00
-0.362038136E+01-0.361809707E+01-0.361589241E+01-0.361376643E+01-0.361171746E+01
-0.360974407E+01-0.360784531E+01-0.360601974E+01-0.360426593E+01-0.360258222E+01
-0.360096765E+01-0.359942079E+01-0.359793997E+01-0.359652400E+01-0.359517145E+01
-0.359388113E+01-0.359265113E+01-0.359148049E+01-0.359036779E+01-0.358931136E+01
-0.358830976E+01-0.358736181E+01-0.358646584E+01-0.358562040E+01-0.358482432E+01
-0.358407593E+01-0.358337402E+01-0.358271670E+01-0.358210301E+01-0.358153105E+01
-0.358099961E+01-0.358050704E+01-0.358005238E+01-0.357963347E+01-0.357924938E+01
-0.357889819E+01-0.357857895E+01-0.357828975E+01-0.357802916E+01-0.357779598E+01
-0.357758856E+01-0.357740545E+01-0.357724524E+01-0.357710624E+01-0.357698703E+01
-0.357688642E+01-0.357680249E+01-0.357673407E+01-0.357667971E+01-0.357663774E+01
-0.357660651E+01-0.357658505E+01-0.357657146E+01-0.357656455E+01-0.357656264E+01
-0.357656431E+01-0.357656789E+01-0.357657218E+01-0.357657552E+01-0.357657671E+01
-0.357657385E+01-0.357656574E+01-0.357655096E+01-0.357652760E+01-0.357649469E+01
 0.618967500E+05 0.606127422E+05 0.593387930E+05 0.580749023E+05 0.568210703E+05
 0.555772969E+05 0.543435859E+05 0.531199336E+05 0.519063398E+05 0.507028047E+05
 0.495093320E+05 0.483259141E+05 0.471525586E+05 0.459892617E+05 0.448360273E+05
 0.436928477E+05 0.425597305E+05 0.414366719E+05 0.403236758E+05 0.392207344E+05
 0.381278555E+05 0.370450352E+05 0.359722734E+05 0.349095703E+05 0.338569297E+05
 0.328143477E+05 0.317818242E+05 0.307593594E+05 0.297469551E+05 0.287446113E+05
 0.277523242E+05 0.267700996E+05 0.257979336E+05 0.248358262E+05 0.238837773E+05
 0.229417891E+05 0.220098613E+05 0.210879922E+05 0.201761816E+05 0.192744316E+05
 0.183827422E+05 0.175011094E+05 0.166295391E+05 0.157680254E+05 0.149165732E+05
 0.140751797E+05 0.132438447E+05 0.124225703E+05 0.116113555E+05 0.108102002E+05
 0.100191035E+05 0.923806738E+04 0.846708984E+04 0.770617188E+04 0.695531348E+04
 0.621451465E+04 0.548377490E+04 0.476309521E+04 0.405247461E+04 0.335191357E+04
 0.266141187E+04 0.198096973E+04 0.131058704E+04 0.650263794E+03 0.000000000E+00
-0.225865889E+01-0.217913318E+01-0.210102987E+01-0.202434897E+01-0.194909060E+01
-0.187525475E+01-0.180284131E+01-0.173185039E+01-0.166228187E+01-0.159413576E+01
-0.152741218E+01-0.146211100E+01-0.139823234E+01-0.133577609E+01-0.127474236E+01
-0.121513104E+01-0.115694225E+01-0.110017586E+01-0.104483187E+01-0.990910411E+00
-0.938411355E+00-0.887334824E+00-0.837680697E+00-0.789449036E+00-0.742639840E+00
-0.697253108E+00-0.653288841E+00-0.610747039E+00-0.569627643E+00-0.529930770E+00
-0.491656303E+00-0.454804331E+00-0.419374794E+00-0.385367721E+00-0.352783114E+00
-0.321620941E+00-0.291881263E+00-0.263564020E+00-0.236669227E+00-0.211196899E+00
-0.187147036E+00-0.164519623E+00-0.143314674E+00-0.123532176E+00-0.105172142E+00
-0.882345662E-01-0.727194399E-01-0.586267784E-01-0.459565744E-01-0.347088240E-01
-0.248835348E-01-0.164807029E-01-0.950032752E-02-0.394241093E-02 0.193048283E-03
 0.290604960E-02 0.419659307E-02 0.406467915E-02 0.251030712E-02-0.466522441E-03
-0.486580981E-02-0.106875552E-01-0.179317575E-01-0.265984181E-01-0.366875380E-01
-0.345962312E+06-0.343262500E+06-0.340562656E+06-0.337862812E+06-0.335162969E+06
-0.332463156E+06-0.329763312E+06-0.327063469E+06-0.324363656E+06-0.321663812E+06
-0.318963969E+06-0.316264125E+06-0.313564312E+06-0.310864469E+06-0.308164625E+06
-0.305464812E+06-0.302764969E+06-0.300065125E+06-0.297365281E+06-0.294665469E+06
-0.291965625E+06-0.289265781E+06-0.286565938E+06-0.283866125E+06-0.281166281E+06
-0.278466438E+06-0.275766625E+06-0.273066781E+06-0.270366938E+06-0.267667094E+06
-0.264967281E+06-0.262267438E+06-0.259567594E+06-0.256867766E+06-0.254167938E+06
-0.251468094E+06-0.248768266E+06-0.246068422E+06-0.243368594E+06-0.240668750E+06
-0.237968922E+06-0.235269078E+06-0.232569250E+06-0.229869406E+06-0.227169578E+06
-0.224469750E+06-0.221769906E+06-0.219070078E+06-0.216370234E+06-0.213670406E+06
-0.210970562E+06-0.208270734E+06-0.205570891E+06-0.202871062E+06-0.200171234E+06
-0.197471391E+06-0.194771562E+06-0.192071719E+06-0.189371891E+06-0.186672047E+06
-0.183972219E+06-0.181272375E+06-0.178572547E+06-0.175872719E+06-0.173172875E+06
-0.132853957E-02-0.809714780E-03-0.338305370E-03 0.906098503E-04 0.481277530E-03
 0.837361498E-03 0.116202736E-02 0.145801646E-02 0.172770885E-02 0.197317638E-02
 0.219622697E-02 0.239844131E-02 0.258120336E-02 0.274572591E-02 0.289307209E-02
 0.302417157E-02 0.313983695E-02 0.324077508E-02 0.332759740E-02 0.340082776E-02
 0.346091017E-02 0.350821414E-02 0.354303862E-02 0.356561644E-02 0.357611640E-02
 0.357464445E-02 0.356124667E-02 0.353590725E-02 0.349855004E-02 0.344903558E-02
 0.338716106E-02 0.331265666E-02 0.322518148E-02 0.312431995E-02 0.300957635E-02
 0.288036629E-02 0.273601059E-02 0.257572299E-02 0.239859987E-02 0.220360467E-02
 0.198955089E-02 0.175508100E-02 0.149864133E-02 0.121845223E-02 0.912471151E-03
 0.578349631E-03 0.213380656E-03-0.185563666E-03-0.622105144E-03-0.110044330E-02
-0.162544695E-02-0.220274297E-02-0.283877854E-02-0.354080228E-02-0.429195771E-02
-0.495394645E-02-0.550399488E-02-0.594209135E-02-0.626822794E-02-0.648239814E-02
-0.658459822E-02-0.657482538E-02-0.645307777E-02-0.621935539E-02-0.587365963E-02
-0.984476763E-03-0.536177249E-03-0.123126287E-03 0.257012493E-03 0.606535235E-03
 0.927619520E-03 0.122228754E-02 0.149239274E-02 0.173961953E-02 0.196549017E-02
 0.217137532E-02 0.235850480E-02 0.252798013E-02 0.268078479E-02 0.281779561E-02
 0.293979025E-02 0.304745696E-02 0.314140087E-02 0.322215050E-02 0.329016289E-02
 0.334582757E-02 0.338947168E-02 0.342136133E-02 0.344170514E-02 0.345065538E-02
 0.344831008E-02 0.343471230E-02 0.340985204E-02 0.337366387E-02 0.332602882E-02
 0.326676969E-02 0.319565251E-02 0.311238156E-02 0.301659713E-02 0.290787173E-02
 0.278570619E-02 0.264952308E-02 0.249866140E-02 0.233236863E-02 0.214979425E-02
 0.194997818E-02 0.173184299E-02 0.149418088E-02 0.123564352E-02 0.954729388E-03
 0.649774272E-03 0.318943552E-03-0.397680233E-04-0.428524159E-03-0.849612115E-03
-0.130536815E-02-0.179803558E-02-0.232950598E-02-0.290086935E-02-0.351164071E-02
-0.414633006E-02-0.469427416E-02-0.513021322E-02-0.545414537E-02-0.566606969E-02
-0.576598803E-02-0.575390272E-02-0.562981749E-02-0.539373700E-02-0.504566729E-02
-0.507183140E-03-0.137637762E-03 0.208592304E-03 0.531723665E-03 0.832341553E-03
 0.111124630E-02 0.136935117E-02 0.160761445E-02 0.182699610E-02 0.202843011E-02
 0.221280684E-02 0.238096411E-02 0.253368076E-02 0.267167506E-02 0.279560429E-02
 0.290606567E-02 0.300359773E-02 0.308868219E-02 0.316174608E-02 0.322316331E-02
 0.327325705E-02 0.331230043E-02 0.334051857E-02 0.335808983E-02 0.336514600E-02
 0.336177321E-02 0.334801222E-02 0.332385907E-02 0.328926323E-02 0.324412924E-02
 0.318831392E-02 0.312162726E-02 0.304382900E-02 0.295462948E-02 0.285368599E-02
 0.274060201E-02 0.261492445E-02 0.247614202E-02 0.232368358E-02 0.215691561E-02
 0.197514193E-02 0.177760387E-02 0.156348199E-02 0.133190118E-02 0.108194072E-02
 0.812649843E-03 0.523075636E-03 0.212304731E-03-0.120470846E-03-0.475854264E-03
-0.854094455E-03-0.125486485E-02-0.167693908E-02-0.211772625E-02-0.257261982E-02
-0.303412904E-02-0.349079538E-02-0.391520746E-02-0.423693517E-02-0.444660895E-02
-0.454423577E-02-0.452982448E-02-0.440338533E-02-0.416492764E-02-0.381446234E-02
 0.525753057E-04 0.344278844E-03 0.622625696E-03 0.886477472E-03 0.113522261E-02
 0.136862579E-02 0.158671546E-02 0.178969966E-02 0.197790563E-02 0.215173466E-02
 0.231162948E-02 0.245805155E-02 0.259146397E-02 0.271232007E-02 0.282105408E-02
 0.291807647E-02 0.300376955E-02 0.307848444E-02 0.314253988E-02 0.319622015E-02
 0.323977601E-02 0.327342236E-02 0.329733919E-02 0.331167132E-02 0.331652793E-02
 0.331198284E-02 0.329807424E-02 0.327480445E-02 0.324213994E-02 0.320001156E-02
 0.314831361E-02 0.308690406E-02 0.301560480E-02 0.293420092E-02 0.284244213E-02
 0.274004135E-02 0.262667798E-02 0.250199786E-02 0.236561592E-02 0.221712119E-02
 0.205608085E-02 0.188204949E-02 0.169458007E-02 0.149324024E-02 0.127763546E-02
 0.104744046E-02 0.802443072E-03 0.542604073E-03 0.268139149E-03-0.203706186E-04
-0.321831089E-03-0.634440861E-03-0.955441617E-03-0.128080847E-02-0.160488475E-02
-0.191999006E-02-0.221606391E-02-0.248046732E-02-0.269812369E-02-0.285222358E-02
-0.292566209E-02-0.290318485E-02-0.277386256E-02-0.253318204E-02-0.218398729E-02
 0.654349918E-03 0.874474354E-03 0.108870957E-02 0.129525014E-02 0.149280776E-02
 0.168049964E-02 0.185775547E-02 0.202424335E-02 0.217980961E-02 0.232443376E-02
 0.245819008E-02 0.258122059E-02 0.269371294E-02 0.279588299E-02 0.288796262E-02
 0.297018862E-02 0.304279593E-02 0.310601084E-02 0.316004781E-02 0.320510450E-02
 0.324135949E-02 0.326897064E-02 0.328807323E-02 0.329877925E-02 0.330117508E-02
 0.329532241E-02 0.328125712E-02 0.325898896E-02 0.322850142E-02 0.318975258E-02
 0.314267445E-02 0.308717415E-02 0.302313454E-02 0.295041571E-02 0.286885747E-02
 0.277827983E-02 0.267848885E-02 0.256927847E-02 0.245043845E-02 0.232176017E-02
 0.218304712E-02 0.203412771E-02 0.187487178E-02 0.170521240E-02 0.152517320E-02
 0.133490481E-02 0.113473041E-02 0.925204484E-03 0.707186176E-03 0.481930503E-03
 0.251199584E-03 0.173939407E-04-0.216297849E-03-0.445739861E-03-0.665696163E-03
-0.869713956E-03-0.105008739E-02-0.119796011E-02-0.130363170E-02-0.135711499E-02
-0.134894811E-02-0.127117988E-02-0.111835869E-02-0.888295413E-03-0.582389999E-03
 0.126935972E-02 0.142640260E-02 0.158274523E-02 0.173638796E-02 0.188576325E-02
 0.202966505E-02 0.216718530E-02 0.229765777E-02 0.242061121E-02 0.253572850E-02
 0.264281384E-02 0.274176616E-02 0.283255568E-02 0.291520613E-02 0.298978132E-02
 0.305637089E-02 0.311508332E-02 0.316603598E-02 0.320935040E-02 0.324514671E-02
 0.327353948E-02 0.329463440E-02 0.330852671E-02 0.331529742E-02 0.331501360E-02
 0.330772623E-02 0.329346978E-02 0.327226124E-02 0.324410107E-02 0.320897321E-02
 0.316684507E-02 0.311767007E-02 0.306138769E-02 0.299792690E-02 0.292720878E-02
 0.284914952E-02 0.276366621E-02 0.267068273E-02 0.257013575E-02 0.246198662E-02
 0.234623067E-02 0.222291262E-02 0.209214515E-02 0.195412943E-02 0.180918328E-02
 0.165777339E-02 0.150055520E-02 0.133841997E-02 0.117255002E-02 0.100448204E-02
 0.836177671E-03 0.670097594E-03 0.509274600E-03 0.357376528E-03 0.218745670E-03
 0.983968494E-04 0.195254142E-05-0.645067339E-04-0.946935616E-04-0.824687813E-04
-0.222804410E-04 0.903617038E-04 0.258448708E-03 0.483153912E-03 0.763700111E-03
 0.187875167E-02 0.198149192E-02 0.208692555E-02 0.219312916E-02 0.229850924E-02
 0.240176427E-02 0.250184513E-02 0.259791967E-02 0.268933899E-02 0.277560623E-02
 0.285635074E-02 0.293130567E-02 0.300028734E-02 0.306317909E-02 0.311991689E-02
 0.317047769E-02 0.321486942E-02 0.325312279E-02 0.328528415E-02 0.331140985E-02
 0.333156157E-02 0.334580219E-02 0.335419271E-02 0.335679040E-02 0.335364579E-02
 0.334480149E-02 0.333029171E-02 0.331014185E-02 0.328436773E-02 0.325297657E-02
 0.321596744E-02 0.317333406E-02 0.312506477E-02 0.307114725E-02 0.301157124E-02
 0.294633210E-02 0.287543796E-02 0.279891514E-02 0.271681650E-02 0.262923120E-02
 0.253629661E-02 0.243821181E-02 0.233525457E-02 0.222780067E-02 0.211634650E-02
 0.200153608E-02 0.188419037E-02 0.176534161E-02 0.164626981E-02 0.152854086E-02
 0.141404534E-02 0.130503357E-02 0.120414211E-02 0.111440709E-02 0.103925390E-02
 0.982457539E-03 0.948062341E-03 0.940255879E-03 0.963195809E-03 0.102079450E-02
 0.111647788E-02 0.125294365E-02 0.143195048E-02 0.165416952E-02 0.191912451E-02
 0.247102533E-02 0.252752984E-02 0.258882041E-02 0.265317899E-02 0.271912478E-02
 0.278539909E-02 0.285094371E-02 0.291488064E-02 0.297648995E-02 0.303518889E-02
 0.309051317E-02 0.314209890E-02 0.318966759E-02 0.323301111E-02 0.327197998E-02
 0.330647267E-02 0.333642610E-02 0.336180837E-02 0.338261062E-02 0.339884218E-02
 0.341052539E-02 0.341769145E-02 0.342037645E-02 0.341861974E-02 0.341246091E-02
 0.340193766E-02 0.338708609E-02 0.336793927E-02 0.334452675E-02 0.331687625E-02
 0.328501337E-02 0.324896444E-02 0.320875738E-02 0.316442642E-02 0.311601395E-02
 0.306357630E-02 0.300718867E-02 0.294695213E-02 0.288300100E-02 0.281551201E-02
 0.274471520E-02 0.267090579E-02 0.259445817E-02 0.251584174E-02 0.243563857E-02
 0.235456321E-02 0.227348250E-02 0.219343812E-02 0.211566803E-02 0.204162765E-02
 0.197300618E-02 0.191173970E-02 0.186001323E-02 0.182025216E-02 0.179509644E-02
 0.178735459E-02 0.179993571E-02 0.183575682E-02 0.189762888E-02 0.198812666E-02
 0.210945192E-02 0.226330315E-02 0.245076627E-02 0.267223991E-02 0.292740506E-02
 0.303970953E-02 0.305694598E-02 0.308016688E-02 0.310790213E-02 0.313884718E-02
 0.317185977E-02 0.320595084E-02 0.324027357E-02 0.327411084E-02 0.330686336E-02
 0.333803473E-02 0.336722075E-02 0.339409686E-02 0.341840717E-02 0.343995448E-02
 0.345859141E-02 0.347421225E-02 0.348674576E-02 0.349614909E-02 0.350240222E-02
 0.350550213E-02 0.350546045E-02 0.350229884E-02 0.349604595E-02 0.348673598E-02
 0.347440620E-02 0.345909619E-02 0.344084669E-02 0.341970031E-02 0.339570083E-02
 0.336889504E-02 0.333933369E-02 0.330707477E-02 0.327218510E-02 0.323474430E-02
 0.319485017E-02 0.315262168E-02 0.310820760E-02 0.306179165E-02 0.301360060E-02
 0.296391430E-02 0.291307434E-02 0.286149653E-02 0.280968100E-02 0.275822659E-02
 0.270784367E-02 0.265936647E-02 0.261376775E-02 0.257216790E-02 0.253584632E-02
 0.250624539E-02 0.248497049E-02 0.247378252E-02 0.247458159E-02 0.248937984E-02
 0.252026063E-02 0.256932760E-02 0.263863825E-02 0.273013161E-02 0.284554716E-02
 0.298634428E-02 0.315362937E-02 0.334809511E-02 0.356997922E-02 0.381905027E-02
 0.358160562E-02 0.356538105E-02 0.355574372E-02 0.355147012E-02 0.355145056E-02
 0.355469109E-02 0.356031186E-02 0.356754242E-02 0.357571593E-02 0.358426175E-02
 0.359269721E-02 0.360061950E-02 0.360769639E-02 0.361365988E-02 0.361829670E-02
 0.362144271E-02 0.362297427E-02 0.362280430E-02 0.362087437E-02 0.361715187E-02
 0.361162424E-02 0.360429473E-02 0.359518058E-02 0.358430855E-02 0.357171358E-02
 0.355743640E-02 0.354152266E-02 0.352402148E-02 0.350498641E-02 0.348447473E-02
 0.346254790E-02 0.343927438E-02 0.341473101E-02 0.338900508E-02 0.336219859E-02
 0.333443144E-02 0.330584659E-02 0.327661471E-02 0.324694091E-02 0.321707106E-02
 0.318729854E-02 0.315797282E-02 0.312950765E-02 0.310238940E-02 0.307718618E-02
 0.305455551E-02 0.303525338E-02 0.302014034E-02 0.301018637E-02 0.300647388E-02
 0.301019591E-02 0.302265072E-02 0.304523204E-02 0.307940994E-02 0.312670832E-02
 0.318867271E-02 0.326683186E-02 0.336265331E-02 0.347749493E-02 0.361255486E-02
 0.376882148E-02 0.394703122E-02 0.414763251E-02 0.437076297E-02 0.461624051E-02
 0.409557577E-02 0.405062176E-02 0.401246967E-02 0.398012111E-02 0.395265594E-02
 0.392923644E-02 0.390910776E-02 0.389159890E-02 0.387611985E-02 0.386215840E-02
 0.384927471E-02 0.383709697E-02 0.382531574E-02 0.381367700E-02 0.380197819E-02
 0.379006076E-02 0.377780641E-02 0.376513065E-02 0.375197874E-02 0.373832043E-02
 0.372414687E-02 0.370946643E-02 0.369430101E-02 0.367868412E-02 0.366265769E-02
 0.364627060E-02 0.362957735E-02 0.361263682E-02 0.359551189E-02 0.357826985E-02
 0.356098311E-02 0.354372966E-02 0.352659589E-02 0.350967841E-02 0.349308690E-02
 0.347694824E-02 0.346140913E-02 0.344664208E-02 0.343284989E-02 0.342027098E-02
 0.340918498E-02 0.339991972E-02 0.339285587E-02 0.338843442E-02 0.338716153E-02
 0.338961440E-02 0.339644519E-02 0.340838428E-02 0.342624076E-02 0.345090241E-02
 0.348333176E-02 0.352455745E-02 0.357566518E-02 0.363778090E-02 0.371205155E-02
 0.379962241E-02 0.390160712E-02 0.401905924E-02 0.415293872E-02 0.430407934E-02
 0.447315956E-02 0.466067251E-02 0.486690830E-02 0.509193819E-02 0.533560850E-02
 0.458174525E-02 0.451185787E-02 0.444873609E-02 0.439157942E-02 0.433964143E-02
 0.429223385E-02 0.424873037E-02 0.420856709E-02 0.417124527E-02 0.413632626E-02
 0.410343381E-02 0.407224614E-02 0.404249690E-02 0.401396817E-02 0.398648623E-02
 0.395991886E-02 0.393417105E-02 0.390917808E-02 0.388490432E-02 0.386133720E-02
 0.383848464E-02 0.381637085E-02 0.379503309E-02 0.377451978E-02 0.375488657E-02
 0.373619585E-02 0.371851423E-02 0.370191084E-02 0.368645857E-02 0.367223239E-02
 0.365931029E-02 0.364777423E-02 0.363771175E-02 0.362921855E-02 0.362239941E-02
 0.361737353E-02 0.361427595E-02 0.361326314E-02 0.361451553E-02 0.361824431E-02
 0.362469326E-02 0.363414618E-02 0.364692975E-02 0.366341788E-02 0.368403690E-02
 0.370926666E-02 0.373964501E-02 0.377576659E-02 0.381828286E-02 0.386790070E-02
 0.392537564E-02 0.399150653E-02 0.406712433E-02 0.415308028E-02 0.425023073E-02
 0.435941806E-02 0.448145252E-02 0.461708987E-02 0.476700952E-02 0.493179355E-02
 0.511190668E-02 0.530767813E-02 0.551928906E-02 0.574676506E-02 0.598996924E-02
 0.504099997E-02 0.494918460E-02 0.486393645E-02 0.478462502E-02 0.471065845E-02
 0.464148540E-02 0.457660202E-02 0.451555336E-02 0.445793476E-02 0.440339232E-02
 0.435162149E-02 0.430236617E-02 0.425541587E-02 0.421060296E-02 0.416780077E-02
 0.412691804E-02 0.408789748E-02 0.405070977E-02 0.401535258E-02 0.398184499E-02
 0.395022286E-02 0.392053882E-02 0.389285502E-02 0.386724388E-02 0.384378224E-02
 0.382255088E-02 0.380363245E-02 0.378710986E-02 0.377306505E-02 0.376157952E-02
 0.375273335E-02 0.374660688E-02 0.374328205E-02 0.374284340E-02 0.374538125E-02
 0.375099364E-02 0.375979044E-02 0.377189601E-02 0.378745398E-02 0.380662992E-02
 0.382961635E-02 0.385663612E-02 0.388794555E-02 0.392383896E-02 0.396465044E-02
 0.401075510E-02 0.406257249E-02 0.412056362E-02 0.418523094E-02 0.425711647E-02
 0.433679484E-02 0.442486862E-02 0.452195993E-02 0.462869927E-02 0.474571530E-02
 0.487362035E-02 0.501299696E-02 0.516438251E-02 0.532825384E-02 0.550501235E-02
 0.569497189E-02 0.589834619E-02 0.611524098E-02 0.634564739E-02 0.658943923E-02
 0.547467871E-02 0.536328321E-02 0.525814947E-02 0.515879272E-02 0.506475242E-02
 0.497560343E-02 0.489095366E-02 0.481045339E-02 0.473379204E-02 0.466070231E-02
 0.459095882E-02 0.452437717E-02 0.446081394E-02 0.440016435E-02 0.434235809E-02
 0.428735930E-02 0.423516147E-02 0.418578507E-02 0.413927343E-02 0.409568893E-02
 0.405511074E-02 0.401762873E-02 0.398334209E-02 0.395235606E-02 0.392477680E-02
 0.390071073E-02 0.388026144E-02 0.386352767E-02 0.385060301E-02 0.384157384E-02
 0.383652071E-02 0.383551721E-02 0.383863295E-02 0.384593336E-02 0.385748385E-02
 0.387335056E-02 0.389360520E-02 0.391832739E-02 0.394760817E-02 0.398155535E-02
 0.402029464E-02 0.406397600E-02 0.411277357E-02 0.416689180E-02 0.422656536E-02
 0.429206155E-02 0.436368072E-02 0.444175536E-02 0.452665007E-02 0.461875694E-02
 0.471849274E-02 0.482629286E-02 0.494260620E-02 0.506788446E-02 0.520257652E-02
 0.534711545E-02 0.550191058E-02 0.566733489E-02 0.584371528E-02 0.603132136E-02
 0.623035757E-02 0.644095382E-02 0.666316086E-02 0.689694472E-02 0.714218616E-02
 0.588439079E-02 0.575522007E-02 0.563193299E-02 0.551416352E-02 0.540156802E-02
 0.529382937E-02 0.519066025E-02 0.509180734E-02 0.499705179E-02 0.490621245E-02
 0.481914543E-02 0.473574409E-02 0.465593860E-02 0.457969354E-02 0.450700847E-02
 0.443791132E-02 0.437246030E-02 0.431073643E-02 0.425284309E-02 0.419889903E-02
 0.414903834E-02 0.410340261E-02 0.406213896E-02 0.402539596E-02 0.399331981E-02
 0.396604929E-02 0.394371664E-02 0.392644061E-02 0.391432829E-02 0.390747283E-02
 0.390595128E-02 0.390982814E-02 0.391915394E-02 0.393396756E-02 0.395429879E-02
 0.398017140E-02 0.401160633E-02 0.404862547E-02 0.409125537E-02 0.413953047E-02
 0.419349875E-02 0.425322447E-02 0.431879098E-02 0.439030398E-02 0.446789386E-02
 0.455171708E-02 0.464195665E-02 0.473882211E-02 0.484254817E-02 0.495339278E-02
 0.507163303E-02 0.519756135E-02 0.533148041E-02 0.547369616E-02 0.562451314E-02
 0.578422286E-02 0.595309958E-02 0.613139151E-02 0.631931191E-02 0.651703170E-02
 0.672467425E-02 0.694230851E-02 0.716994470E-02 0.740753021E-02 0.765495142E-02
 0.627191877E-02 0.612633303E-02 0.598619413E-02 0.585123664E-02 0.572121562E-02
 0.559590897E-02 0.547512295E-02 0.535869226E-02 0.524648605E-02 0.513840700E-02
 0.503439317E-02 0.493441802E-02 0.483849039E-02 0.474665314E-02 0.465898076E-02
 0.457557943E-02 0.449658046E-02 0.442214031E-02 0.435243454E-02 0.428765453E-02
 0.422800193E-02 0.417368580E-02 0.412491476E-02 0.408189371E-02 0.404482055E-02
 0.401387876E-02 0.398923550E-02 0.397103745E-02 0.395940943E-02 0.395445107E-02
 0.395623688E-02 0.396481762E-02 0.398021797E-02 0.400244212E-02 0.403147470E-02
 0.406728452E-02 0.410982827E-02 0.415905658E-02 0.421491545E-02 0.427735457E-02
 0.434633018E-02 0.442180876E-02 0.450377166E-02 0.459221937E-02 0.468717236E-02
 0.478867302E-02 0.489678886E-02 0.501161069E-02 0.513325073E-02 0.526184496E-02
 0.539754564E-02 0.554052182E-02 0.569095137E-02 0.584902056E-02 0.601491425E-02
 0.618881220E-02 0.637088297E-02 0.656127650E-02 0.676011993E-02 0.696751010E-02
 0.718350941E-02 0.740814162E-02 0.764138764E-02 0.788318273E-02 0.813341700E-02
 0.663917186E-02 0.647816714E-02 0.632212078E-02 0.617085118E-02 0.602419535E-02
 0.588201405E-02 0.574419508E-02 0.561065553E-02 0.548134418E-02 0.535624521E-02
 0.523537770E-02 0.511879660E-02 0.500659319E-02 0.489889411E-02 0.479585864E-02
 0.469767908E-02 0.460457476E-02 0.451678922E-02 0.443458743E-02 0.435824879E-02
 0.428806059E-02 0.422431575E-02 0.416730298E-02 0.411730120E-02 0.407457398E-02
 0.403936394E-02 0.401188573E-02 0.399232283E-02 0.398082333E-02 0.397749757E-02
 0.398241635E-02 0.399561180E-02 0.401707739E-02 0.404677168E-02 0.408462202E-02
 0.413052691E-02 0.418436388E-02 0.424599415E-02 0.431526871E-02 0.439203437E-02
 0.447613979E-02 0.456744060E-02 0.466580456E-02 0.477111666E-02 0.488328049E-02
 0.500222249E-02 0.512789330E-02 0.526026636E-02 0.539934030E-02 0.554513652E-02
 0.569769600E-02 0.585707836E-02 0.602335623E-02 0.619661342E-02 0.637693843E-02
 0.656442018E-02 0.675914343E-02 0.696118223E-02 0.717059802E-02 0.738743087E-02
 0.761169940E-02 0.784339383E-02 0.808247458E-02 0.832887087E-02 0.858247746E-02
 0.698817568E-02 0.681245280E-02 0.664114859E-02 0.647414755E-02 0.631135562E-02
 0.615270343E-02 0.599814905E-02 0.584768178E-02 0.570132537E-02 0.555913989E-02
 0.542122265E-02 0.528771104E-02 0.515878201E-02 0.503465114E-02 0.491557084E-02
 0.480182981E-02 0.469374843E-02 0.459167501E-02 0.449598068E-02 0.440705195E-02
 0.432528602E-02 0.425108103E-02 0.418482767E-02 0.412690220E-02 0.407765619E-02
 0.403741002E-02 0.400644215E-02 0.398498634E-02 0.397322373E-02 0.397127867E-02
 0.397921866E-02 0.399705395E-02 0.402473658E-02 0.406216737E-02 0.410919869E-02
 0.416564150E-02 0.423127180E-02 0.430584140E-02 0.438908255E-02 0.448071817E-02
 0.458047073E-02 0.468806690E-02 0.480324635E-02 0.492576603E-02 0.505540427E-02
 0.519196503E-02 0.533528067E-02 0.548520964E-02 0.564164016E-02 0.580448704E-02
 0.597369066E-02 0.614921423E-02 0.633103959E-02 0.651916442E-02 0.671359850E-02
 0.691435765E-02 0.712146144E-02 0.733492570E-02 0.755476207E-02 0.778097054E-02
 0.801353622E-02 0.825242884E-02 0.849759765E-02 0.874896627E-02 0.900643971E-02
 0.732107786E-02 0.713110622E-02 0.694495486E-02 0.676256185E-02 0.658388669E-02
 0.640891585E-02 0.623766705E-02 0.607019197E-02 0.590658048E-02 0.574696157E-02
 0.559150986E-02 0.544044189E-02 0.529402168E-02 0.515255891E-02 0.501640746E-02
 0.488596363E-02 0.476166466E-02 0.464398134E-02 0.453341240E-02 0.443047937E-02
 0.433571357E-02 0.424964959E-02 0.417281268E-02 0.410570530E-02 0.404879823E-02
 0.400251569E-02 0.396722602E-02 0.394323096E-02 0.393075775E-02 0.392995495E-02
 0.394088589E-02 0.396353146E-02 0.399779202E-02 0.404349063E-02 0.410038279E-02
 0.416816492E-02 0.424648402E-02 0.433494989E-02 0.443314854E-02 0.454065111E-02
 0.465702591E-02 0.478184829E-02 0.491471030E-02 0.505522499E-02 0.520303519E-02
 0.535781449E-02 0.551927183E-02 0.568715297E-02 0.586123858E-02 0.604134472E-02
 0.622732006E-02 0.641904213E-02 0.661641639E-02 0.681937020E-02 0.702784956E-02
 0.724181347E-02 0.746123167E-02 0.768607901E-02 0.791633036E-02 0.815195870E-02
 0.839292910E-02 0.863919966E-02 0.889071450E-02 0.914740097E-02 0.940917432E-02
 0.764017506E-02 0.743624661E-02 0.723547628E-02 0.703783846E-02 0.684333220E-02
 0.665198639E-02 0.646386435E-02 0.627906853E-02 0.609774375E-02 0.592008140E-02
 0.574632408E-02 0.557676610E-02 0.541175809E-02 0.525170565E-02 0.509707164E-02
 0.494837388E-02 0.480618002E-02 0.467110611E-02 0.454380736E-02 0.442496873E-02
 0.431529572E-02 0.421549799E-02 0.412627636E-02 0.404830603E-02 0.398221752E-02
 0.392858125E-02 0.388788898E-02 0.386054069E-02 0.384683092E-02 0.384694128E-02
 0.386093417E-02 0.388875278E-02 0.393022504E-02 0.398507202E-02 0.405291747E-02
 0.413330365E-02 0.422570761E-02 0.432955613E-02 0.444424571E-02 0.456915656E-02
 0.470366888E-02 0.484717591E-02 0.499909604E-02 0.515888026E-02 0.532601913E-02
 0.550004886E-02 0.568055175E-02 0.586715946E-02 0.605955021E-02 0.625744788E-02
 0.646062056E-02 0.666887360E-02 0.688204868E-02 0.710001774E-02 0.732267834E-02
 0.754995039E-02 0.778176822E-02 0.801807921E-02 0.825883728E-02 0.850400142E-02
 0.875352789E-02 0.900737196E-02 0.926547963E-02 0.952779036E-02 0.979423244E-02
 0.794793665E-02 0.773022370E-02 0.751493312E-02 0.730205979E-02 0.709162559E-02
 0.688368594E-02 0.667833444E-02 0.647570938E-02 0.627599657E-02 0.607943721E-02
 0.588633213E-02 0.569704548E-02 0.551200937E-02 0.533172768E-02 0.515677501E-02
 0.498780003E-02 0.482552126E-02 0.467072381E-02 0.452425051E-02 0.438699219E-02
 0.425987365E-02 0.414383644E-02 0.403981702E-02 0.394872390E-02 0.387141225E-02
 0.380865717E-02 0.376112945E-02 0.372937089E-02 0.371377612E-02 0.371457753E-02
 0.373183796E-02 0.376544963E-02 0.381514011E-02 0.388048519E-02 0.396092702E-02
 0.405579619E-02 0.416433671E-02 0.428573089E-02 0.441912655E-02 0.456365943E-02
 0.471847365E-02 0.488274032E-02 0.505567295E-02 0.523653533E-02 0.542465178E-02
 0.561941089E-02 0.582026551E-02 0.602673599E-02 0.623840513E-02 0.645491574E-02
 0.667596608E-02 0.690130563E-02 0.713072857E-02 0.736406865E-02 0.760119222E-02
 0.784199499E-02 0.808639452E-02 0.833432470E-02 0.858573522E-02 0.884058140E-02
 0.909882318E-02 0.936042238E-02 0.962533802E-02 0.989352539E-02 0.101649323E-01
 0.824703649E-02 0.801564753E-02 0.778586324E-02 0.755768223E-02 0.733113103E-02
 0.710627250E-02 0.688321190E-02 0.666210288E-02 0.644315500E-02 0.622664066E-02
 0.601290213E-02 0.580235897E-02 0.559551502E-02 0.539296353E-02 0.519539276E-02
 0.500358874E-02 0.481843529E-02 0.464091217E-02 0.447208807E-02 0.431310944E-02
 0.416518375E-02 0.402955664E-02 0.390748540E-02 0.380020426E-02 0.370888645E-02
 0.363460602E-02 0.357829523E-02 0.354070985E-02 0.352239539E-02 0.352366408E-02
 0.354458252E-02 0.358496932E-02 0.364440563E-02 0.372225652E-02 0.381770078E-02
 0.392976729E-02 0.405737339E-02 0.419936655E-02 0.435456028E-02 0.452176994E-02
 0.469984068E-02 0.488767168E-02 0.508423196E-02 0.528857391E-02 0.549983885E-02
 0.571726123E-02 0.594016770E-02 0.616797432E-02 0.640018098E-02 0.663636485E-02
 0.687617483E-02 0.711932266E-02 0.736557599E-02 0.761474948E-02 0.786670018E-02
 0.812131912E-02 0.837852340E-02 0.863825344E-02 0.890046638E-02 0.916512962E-02
 0.943221804E-02 0.970171392E-02 0.997359492E-02 0.102478405E-01 0.105244238E-01
 0.854037609E-02 0.829541404E-02 0.805115420E-02 0.780757749E-02 0.756469509E-02
 0.732255448E-02 0.708124926E-02 0.684092380E-02 0.660178578E-02 0.636411225E-02
 0.612826226E-02 0.589468656E-02 0.566393789E-02 0.543668307E-02 0.521371095E-02
 0.499594212E-02 0.478443457E-02 0.458038459E-02 0.438512582E-02 0.420011813E-02
 0.402693078E-02 0.386721571E-02 0.372266932E-02 0.359498663E-02 0.348580512E-02
 0.339664193E-02 0.332882884E-02 0.328345108E-02 0.326129165E-02 0.326279085E-02
 0.328802411E-02 0.333669828E-02 0.340817100E-02 0.350148720E-02 0.361542986E-02
 0.374858244E-02 0.389939151E-02 0.406623119E-02 0.424746005E-02 0.444146944E-02
 0.464672316E-02 0.486178556E-02 0.508534210E-02 0.531620719E-02 0.555333216E-02
 0.579579966E-02 0.604282133E-02 0.629372802E-02 0.654795812E-02 0.680505112E-02
 0.706463167E-02 0.732640177E-02 0.759012857E-02 0.785563607E-02 0.812279340E-02
 0.839151070E-02 0.866172556E-02 0.893340260E-02 0.920652412E-02 0.948108546E-02
 0.975709036E-02 0.100345481E-01 0.103134690E-01 0.105938623E-01 0.108757336E-01
 0.883109495E-02 0.857272372E-02 0.831406564E-02 0.805506296E-02 0.779568870E-02
 0.753594888E-02 0.727589522E-02 0.701563386E-02 0.675533479E-02 0.649524527E-02
 0.623570196E-02 0.597714819E-02 0.572014786E-02 0.546540460E-02 0.521377800E-02
 0.496629998E-02 0.472419336E-02 0.448888028E-02 0.426199054E-02 0.404535746E-02
 0.384100759E-02 0.365112838E-02 0.347802509E-02 0.332405511E-02 0.319154537E-02
 0.308269355E-02 0.299945986E-02 0.294345850E-02 0.291586132E-02 0.291732140E-02
 0.294793234E-02 0.300722173E-02 0.309418677E-02 0.320736226E-02 0.334491255E-02
 0.350473961E-02 0.368459080E-02 0.388216018E-02 0.409517577E-02 0.432146667E-02
 0.455901399E-02 0.480598258E-02 0.506073609E-02 0.532184169E-02 0.558806583E-02
 0.585836265E-02 0.613185856E-02 0.640783506E-02 0.668571051E-02 0.696502440E-02
 0.724541815E-02 0.752662076E-02 0.780843571E-02 0.809072610E-02 0.837340485E-02
 0.865642447E-02 0.893977098E-02 0.922345184E-02 0.950749312E-02 0.979193207E-02
 0.100768171E-01 0.103621958E-01 0.106481202E-01 0.109346379E-01 0.112217925E-01
 0.912257005E-02 0.885107927E-02 0.857823342E-02 0.830391701E-02 0.802803505E-02
 0.775052514E-02 0.747136446E-02 0.719058048E-02 0.690826355E-02 0.662458222E-02
 0.633979915E-02 0.605429057E-02 0.576857151E-02 0.548331765E-02 0.519939698E-02
 0.491789822E-02 0.464016153E-02 0.436780974E-02 0.410277210E-02 0.384730077E-02
 0.360397459E-02 0.337567716E-02 0.316555076E-02 0.297691417E-02 0.281314179E-02
 0.267750677E-02 0.257299701E-02 0.250211754E-02 0.246670749E-02 0.246779271E-02
 0.250550127E-02 0.257905363E-02 0.268683280E-02 0.282651698E-02 0.299525890E-02
 0.318987994E-02 0.340706087E-02 0.364350365E-02 0.389606180E-02 0.416182913E-02
 0.443819584E-02 0.472287228E-02 0.501389056E-02 0.530959200E-02 0.560860196E-02
 0.590980006E-02 0.621229084E-02 0.651537208E-02 0.681850500E-02 0.712128822E-02
 0.742343534E-02 0.772475358E-02 0.802512467E-02 0.832449179E-02 0.862284657E-02
 0.892021600E-02 0.921665505E-02 0.951224007E-02 0.980705861E-02 0.101012085E-01
 0.103947921E-01 0.106879100E-01 0.109806629E-01 0.112731457E-01 0.115654459E-01
 0.941838045E-02 0.913425442E-02 0.884764642E-02 0.855835807E-02 0.826620404E-02
 0.797101855E-02 0.767266890E-02 0.737106055E-02 0.706615346E-02 0.675797649E-02
 0.644664792E-02 0.613239827E-02 0.581560051E-02 0.549680367E-02 0.517677469E-02
 0.485654501E-02 0.453746505E-02 0.422126241E-02 0.391009962E-02 0.360663189E-02
 0.331404898E-02 0.303608994E-02 0.277702068E-02 0.254154811E-02 0.233466085E-02
 0.216138549E-02 0.202646549E-02 0.193398749E-02 0.188701064E-02 0.188725523E-02
 0.193491788E-02 0.202865223E-02 0.216571917E-02 0.234227302E-02 0.255372678E-02
 0.279512838E-02 0.306149642E-02 0.334808277E-02 0.365055050E-02 0.396507327E-02
 0.428837258E-02 0.461770687E-02 0.495083537E-02 0.528596342E-02 0.562168285E-02
 0.595691474E-02 0.629085163E-02 0.662291050E-02 0.695268949E-02 0.727993064E-02
 0.760449236E-02 0.792632159E-02 0.824543275E-02 0.856189523E-02 0.887581613E-02
 0.918732863E-02 0.949658547E-02 0.980375241E-02 0.101089980E-01 0.104124947E-01
 0.107144117E-01 0.110149132E-01 0.113141555E-01 0.116122868E-01 0.119094448E-01
 0.972224772E-02 0.942623150E-02 0.912657753E-02 0.882298406E-02 0.851514935E-02
 0.820277818E-02 0.788558926E-02 0.756332139E-02 0.723574730E-02 0.690268818E-02
 0.656403461E-02 0.621976890E-02 0.587000139E-02 0.551500870E-02 0.515528815E-02
 0.479162252E-02 0.442516198E-02 0.405751960E-02 0.369088515E-02 0.332814944E-02
 0.297303195E-02 0.263019069E-02 0.230528926E-02 0.200497522E-02 0.173672196E-02
 0.150848494E-02 0.132814911E-02 0.120279624E-02 0.113789411E-02 0.113657280E-02
 0.119917386E-02 0.132320228E-02 0.150369457E-02 0.173389632E-02 0.200607022E-02
 0.231225649E-02 0.264487159E-02 0.299709663E-02 0.336307357E-02 0.373795256E-02
 0.411784090E-02 0.449969899E-02 0.488121435E-02 0.526067615E-02 0.563685736E-02
 0.600891560E-02 0.637630746E-02 0.673872046E-02 0.709601585E-02 0.744818756E-02
 0.779532408E-02 0.813758466E-02 0.847517792E-02 0.880834367E-02 0.913734268E-02
 0.946244691E-02 0.978393201E-02 0.101020709E-01 0.104171317E-01 0.107293716E-01
 0.110390373E-01 0.113463644E-01 0.116515700E-01 0.119548617E-01 0.122564277E-01
 0.100379409E-01 0.973109528E-02 0.941946823E-02 0.910264254E-02 0.878018234E-02
 0.845163874E-02 0.811654981E-02 0.777444663E-02 0.742486399E-02 0.706734741E-02
 0.670147082E-02 0.632685656E-02 0.594320707E-02 0.555034401E-02 0.514826551E-02
 0.473722070E-02 0.431781542E-02 0.389114465E-02 0.345897092E-02 0.302394852E-02
 0.258989376E-02 0.216209306E-02 0.174761040E-02 0.135552383E-02 0.996967661E-03
 0.684813596E-03 0.432820816E-03 0.254180428E-03 0.159608680E-03 0.155440473E-03
 0.242356196E-03 0.415241433E-03 0.664238178E-03 0.976565876E-03 0.133847655E-02
 0.173683511E-02 0.216010422E-02 0.259876810E-02 0.304535520E-02 0.349423243E-02
 0.394130591E-02 0.438370742E-02 0.481951609E-02 0.524752168E-02 0.566703640E-02
 0.607775385E-02 0.647963630E-02 0.687283417E-02 0.725762593E-02 0.763437478E-02
 0.800349563E-02 0.836543087E-02 0.872063637E-02 0.906956755E-02 0.941267330E-02
 0.975038763E-02 0.100831259E-01 0.104112867E-01 0.107352426E-01 0.110553494E-01
 0.113719348E-01 0.116853062E-01 0.119957505E-01 0.123035293E-01 0.126088867E-01
 0.103691369E-01 0.100528747E-01 0.973075628E-02 0.940224249E-02 0.906675775E-02
 0.872368366E-02 0.837236084E-02 0.801209081E-02 0.764212804E-02 0.726169208E-02
 0.686996756E-02 0.646611489E-02 0.604928844E-02 0.561866257E-02 0.517347455E-02
 0.471308781E-02 0.423709210E-02 0.374544645E-02 0.323869684E-02 0.271828705E-02
 0.218700082E-02 0.164956891E-02 0.111345598E-02 0.589823001E-03 0.125490289E-03
-0.246785930E-03-0.527007796E-03-0.715173432E-03-0.811277132E-03-0.815309293E-03
-0.727256294E-03-0.547101081E-03-0.274822611E-03 0.896034035E-04 0.546204741E-03
 0.107599713E-02 0.162360491E-02 0.217486033E-02 0.272158696E-02 0.325853867E-02
 0.378257455E-02 0.429201359E-02 0.478615565E-02 0.526494673E-02 0.572874071E-02
 0.617814343E-02 0.661390275E-02 0.703684008E-02 0.744780153E-02 0.784762856E-02
 0.823714025E-02 0.861712079E-02 0.898831245E-02 0.935141649E-02 0.970708486E-02
 0.100559285E-01 0.103985136E-01 0.107353646E-01 0.110669686E-01 0.113937715E-01
 0.117161870E-01 0.120345950E-01 0.123493448E-01 0.126607539E-01 0.129691157E-01
 0.107192611E-01 0.103953565E-01 0.100646513E-01 0.972649083E-02 0.938016549E-02
 0.902489480E-02 0.865982473E-02 0.828402024E-02 0.789645594E-02 0.749600213E-02
 0.708142435E-02 0.665136473E-02 0.620434061E-02 0.573873986E-02 0.525282184E-02
 0.474473787E-02 0.421257271E-02 0.365442550E-02 0.306856679E-02 0.245371158E-02
 0.180949410E-02 0.113727152E-02 0.489076308E-03-0.674066105E-04-0.531793048E-03
-0.904088083E-03-0.118429353E-02-0.137240801E-02-0.146842632E-02-0.147234043E-02
-0.138413871E-02-0.120380672E-02-0.931326591E-03-0.566677598E-03-0.109836124E-03
 0.439224066E-03 0.108053174E-02 0.177088019E-02 0.243521528E-02 0.307050673E-02
 0.367683591E-02 0.425534789E-02 0.480771484E-02 0.533582829E-02 0.584161887E-02
 0.632696226E-02 0.679363124E-02 0.724327052E-02 0.767739397E-02 0.809738412E-02
 0.850450061E-02 0.889988989E-02 0.928459037E-02 0.965954736E-02 0.100256205E-01
 0.103835892E-01 0.107341642E-01 0.110779889E-01 0.114156548E-01 0.117476946E-01
 0.120745981E-01 0.123968096E-01 0.127147343E-01 0.130287418E-01 0.133391665E-01
 0.110913021E-01 0.107618654E-01 0.104248757E-01 0.100795850E-01 0.972517021E-02
 0.936071482E-02 0.898520090E-02 0.859748852E-02 0.819630083E-02 0.778020080E-02
 0.734756421E-02 0.689654564E-02 0.642504357E-02 0.593065098E-02 0.541060325E-02
 0.486171385E-02 0.428030314E-02 0.366212637E-02 0.300230714E-02 0.229531387E-02
 0.153505674E-02 0.794254360E-03 0.145587794E-03-0.410952867E-03-0.875374768E-03
-0.124768226E-02-0.152787694E-02-0.171595742E-02-0.181191962E-02-0.181575643E-02
-0.172745821E-02-0.154701259E-02-0.127440435E-02-0.909616065E-03-0.452627748E-03
 0.965827930E-04 0.738039904E-03 0.147176976E-02 0.225419854E-02 0.298640411E-02
 0.367029873E-02 0.431156671E-02 0.491524208E-02 0.548571628E-02 0.602679560E-02
 0.654177694E-02 0.703351805E-02 0.750450278E-02 0.795689784E-02 0.839260034E-02
 0.881327689E-02 0.922040083E-02 0.961527321E-02 0.999905448E-02 0.103727775E-01
 0.107373660E-01 0.110936491E-01 0.114423716E-01 0.117842071E-01 0.121197607E-01
 0.124495812E-01 0.127741648E-01 0.130939614E-01 0.134093799E-01 0.137207899E-01
 0.114876349E-01 0.111550484E-01 0.108144023E-01 0.104648890E-01 0.101056108E-01
 0.973556284E-02 0.935361348E-02 0.895848684E-02 0.854873471E-02 0.812270213E-02
 0.767849013E-02 0.721390126E-02 0.672637438E-02 0.621290226E-02 0.566991977E-02
 0.509315776E-02 0.447745016E-02 0.381646724E-02 0.310235261E-02 0.232520932E-02
 0.150524313E-02 0.764387660E-03 0.115677678E-03-0.440895237E-03-0.905337161E-03
-0.127765175E-02-0.155784027E-02-0.174590165E-02-0.184183242E-02-0.184562651E-02
-0.175727590E-02-0.157676998E-02-0.130409608E-02-0.939239457E-03-0.482183183E-03
 0.670913578E-04 0.708604639E-03 0.144237874E-02 0.226604193E-02 0.307268044E-02
 0.381388562E-02 0.450011017E-02 0.513962470E-02 0.573907187E-02 0.630385894E-02
 0.683843996E-02 0.734652719E-02 0.783124380E-02 0.829524174E-02 0.874079298E-02
 0.916985329E-02 0.958412513E-02 0.998509116E-02 0.103740571E-01 0.107521731E-01
 0.111204581E-01 0.114798220E-01 0.118310731E-01 0.121749388E-01 0.125120711E-01
 0.128430566E-01 0.131684244E-01 0.134886540E-01 0.138041768E-01 0.141153848E-01
 0.119098648E-01 0.115766861E-01 0.112352222E-01 0.108846501E-01 0.105240485E-01
 0.101523828E-01 0.976848602E-02 0.937103666E-02 0.895852596E-02 0.852922536E-02
 0.808113720E-02 0.761193782E-02 0.711889938E-02 0.659879064E-02 0.604774291E-02
 0.546106929E-02 0.483301515E-02 0.415640278E-02 0.342211733E-02 0.261833938E-02
 0.178890012E-02 0.104802952E-02 0.399305864E-03-0.157277813E-03-0.621726620E-03
-0.994043658E-03-0.127423008E-02-0.146228482E-02-0.155820500E-02-0.156198570E-02
-0.147361995E-02-0.129309890E-02-0.102041196E-02-0.655546668E-03-0.198488924E-03
 0.350776943E-03 0.992268091E-03 0.172600290E-02 0.255200104E-02 0.338693475E-02
 0.414943369E-02 0.485202391E-02 0.550435344E-02 0.611398742E-02 0.668696826E-02
 0.722820079E-02 0.774172042E-02 0.823088922E-02 0.869853795E-02 0.914706942E-02
 0.957854744E-02 0.999475084E-02 0.103972265E-01 0.107873296E-01 0.111662485E-01
 0.115350354E-01 0.118946237E-01 0.122458460E-01 0.125894435E-01 0.129260840E-01
 0.132563673E-01 0.135808317E-01 0.138999661E-01 0.142142111E-01 0.145239653E-01
 0.123587297E-01 0.120275645E-01 0.116881859E-01 0.113397986E-01 0.109815132E-01
 0.106123323E-01 0.102311354E-01 0.983665604E-02 0.942745339E-02 0.900188368E-02
 0.855805445E-02 0.809377804E-02 0.760650262E-02 0.709322793E-02 0.655039633E-02
 0.597374700E-02 0.535811950E-02 0.469719106E-02 0.398311019E-02 0.320598576E-02
 0.238602795E-02 0.164517388E-02 0.996461604E-03 0.439885276E-03-0.245594547E-04
-0.396875141E-03-0.677062722E-03-0.865121372E-03-0.961048645E-03-0.964840408E-03
-0.876490842E-03-0.695992610E-03-0.423336751E-03-0.585129201E-04 0.398490636E-03
 0.947687018E-03 0.158909045E-02 0.232271641E-02 0.314618577E-02 0.395257724E-02
 0.469347415E-02 0.537932059E-02 0.601837877E-02 0.661728298E-02 0.718143024E-02
 0.771526666E-02 0.822249427E-02 0.870622788E-02 0.916911010E-02 0.961340219E-02
 0.100410543E-01 0.104537578E-01 0.108529888E-01 0.112400437E-01 0.116160670E-01
 0.119820703E-01 0.123389559E-01 0.126875285E-01 0.130285090E-01 0.133625455E-01
 0.136902211E-01 0.140120639E-01 0.143285478E-01 0.146401068E-01 0.149471303E-01
 0.128340591E-01 0.125074331E-01 0.121729486E-01 0.118298782E-01 0.114774154E-01
 0.111146634E-01 0.107406210E-01 0.103541696E-01 0.995404925E-02 0.953884237E-02
 0.910694059E-02 0.865651853E-02 0.818549003E-02 0.769146485E-02 0.717169372E-02
 0.662300503E-02 0.604173262E-02 0.542364456E-02 0.476387516E-02 0.405690400E-02
 0.329664955E-02 0.255583879E-02 0.190715888E-02 0.135060505E-02 0.886173628E-03
 0.513862527E-03 0.233670973E-03 0.455996269E-04-0.503494521E-04-0.541728186E-04
 0.341343402E-04 0.214578147E-03 0.487165991E-03 0.851906545E-03 0.130880950E-02
 0.185788563E-02 0.249914685E-02 0.323260576E-02 0.401467411E-02 0.474641426E-02
 0.542972190E-02 0.607026462E-02 0.667305943E-02 0.724247890E-02 0.778231211E-02
 0.829583686E-02 0.878589135E-02 0.925494172E-02 0.970513653E-02 0.101383533E-01
 0.105562434E-01 0.109602595E-01 0.113516897E-01 0.117316758E-01 0.121012367E-01
 0.124612823E-01 0.128126303E-01 0.131560126E-01 0.134920934E-01 0.138214687E-01
 0.141446805E-01 0.144622186E-01 0.147745311E-01 0.150820212E-01 0.153850596E-01
 0.133348182E-01 0.130150523E-01 0.126880258E-01 0.123531157E-01 0.120096365E-01
 0.116568375E-01 0.112938937E-01 0.109198987E-01 0.105338534E-01 0.101346588E-01
 0.972110685E-02 0.929186586E-02 0.884548016E-02 0.838036183E-02 0.789479446E-02
 0.738695124E-02 0.685493741E-02 0.629687216E-02 0.571104325E-02 0.509618083E-02
 0.445193332E-02 0.377966999E-02 0.313143246E-02 0.257491367E-02 0.211050315E-02
 0.173819927E-02 0.145800144E-02 0.126991014E-02 0.117392698E-02 0.117005489E-02
 0.125829782E-02 0.143866090E-02 0.171115017E-02 0.207577273E-02 0.253253663E-02
 0.308145070E-02 0.372252474E-02 0.441253092E-02 0.507639349E-02 0.571105862E-02
 0.631658267E-02 0.689408416E-02 0.744521013E-02 0.797182322E-02 0.847582612E-02
 0.895906705E-02 0.942328852E-02 0.987010915E-02 0.103010125E-01 0.107173538E-01
 0.111203659E-01 0.115111675E-01 0.118907727E-01 0.122601036E-01 0.126199955E-01
 0.129712066E-01 0.133144278E-01 0.136502879E-01 0.139793586E-01 0.143021634E-01
 0.146191791E-01 0.149308406E-01 0.152375493E-01 0.155396685E-01 0.158375334E-01
 0.138592115E-01 0.135483220E-01 0.132309608E-01 0.129066268E-01 0.125747826E-01
 0.122348480E-01 0.118862037E-01 0.115281884E-01 0.111600989E-01 0.107811904E-01
 0.103906859E-01 0.998778362E-02 0.957167149E-02 0.914155971E-02 0.869671628E-02
 0.823653676E-02 0.776063697E-02 0.726900483E-02 0.676220842E-02 0.624171365E-02
 0.571032288E-02 0.517278304E-02 0.463657174E-02 0.411286065E-02 0.364847737E-02
 0.327618304E-02 0.299597695E-02 0.280785956E-02 0.271183229E-02 0.270789722E-02
 0.279605808E-02 0.297631882E-02 0.324868411E-02 0.361316022E-02 0.406975346E-02
 0.459945574E-02 0.514686527E-02 0.569778681E-02 0.624401262E-02 0.678026490E-02
 0.730336877E-02 0.781160733E-02 0.830424577E-02 0.878118910E-02 0.924275629E-02
 0.968951173E-02 0.101221651E-01 0.105414987E-01 0.109483199E-01 0.113434307E-01
 0.117276143E-01 0.121016176E-01 0.124661494E-01 0.128218746E-01 0.131694172E-01
 0.135093573E-01 0.138422344E-01 0.141685493E-01 0.144887669E-01 0.148033164E-01
 0.151125956E-01 0.154169714E-01 0.157167856E-01 0.160123520E-01 0.163039602E-01
 0.144048417E-01 0.141044753E-01 0.137985507E-01 0.134866992E-01 0.131685352E-01
 0.128436601E-01 0.125116613E-01 0.121721225E-01 0.118246283E-01 0.114687746E-01
 0.111041823E-01 0.107305227E-01 0.103475442E-01 0.995511096E-02 0.955326296E-02
 0.914229080E-02 0.872283429E-02 0.829602312E-02 0.786365103E-02 0.742839836E-02
 0.699410727E-02 0.656608399E-02 0.615141029E-02 0.575917633E-02 0.540052727E-02
 0.508834003E-02 0.483637583E-02 0.465782452E-02 0.456339633E-02 0.455941679E-02
 0.464655366E-02 0.481967488E-02 0.506890239E-02 0.538143190E-02 0.574348774E-02
 0.614190521E-02 0.656511215E-02 0.700355740E-02 0.744972983E-02 0.789795537E-02
 0.834409520E-02 0.878523663E-02 0.921941176E-02 0.964536052E-02 0.100623462E-01
 0.104700113E-01 0.108682681E-01 0.112572154E-01 0.116370823E-01 0.120081827E-01
 0.123708807E-01 0.127255730E-01 0.130726695E-01 0.134125836E-01 0.137457224E-01
 0.140724806E-01 0.143932421E-01 0.147083718E-01 0.150182154E-01 0.153231034E-01
 0.156233460E-01 0.159192346E-01 0.162110422E-01 0.164990295E-01 0.167834312E-01
 0.149688972E-01 0.146802980E-01 0.143871186E-01 0.140891168E-01 0.137860551E-01
 0.134777008E-01 0.131638348E-01 0.128442608E-01 0.125188148E-01 0.121873794E-01
 0.118499063E-01 0.115064383E-01 0.111571411E-01 0.108023463E-01 0.104426043E-01
 0.100787459E-01 0.971196592E-02 0.934392028E-02 0.897683762E-02 0.861364231E-02
 0.825808290E-02 0.791484397E-02 0.758961076E-02 0.728904642E-02 0.702063646E-02
 0.679234415E-02 0.661205640E-02 0.648685312E-02 0.642219512E-02 0.642120047E-02
 0.648419512E-02 0.660866313E-02 0.678961491E-02 0.702026673E-02 0.729284808E-02
 0.759936078E-02 0.793217961E-02 0.828443933E-02 0.865023583E-02 0.902466476E-02
 0.940378103E-02 0.978448801E-02 0.101644127E-01 0.105417836E-01 0.109153129E-01
 0.112840943E-01 0.116475215E-01 0.120052164E-01 0.123569798E-01 0.127027407E-01
 0.130425282E-01 0.133764418E-01 0.137046324E-01 0.140272854E-01 0.143446112E-01
 0.146568334E-01 0.149641829E-01 0.152668944E-01 0.155651998E-01 0.158593282E-01
 0.161494985E-01 0.164359305E-01 0.167188235E-01 0.169983804E-01 0.172747839E-01
 0.155483317E-01 0.152723510E-01 0.149927735E-01 0.147094745E-01 0.144223440E-01
 0.141312974E-01 0.138362767E-01 0.135372682E-01 0.132343071E-01 0.129274996E-01
 0.126170376E-01 0.123032248E-01 0.119865034E-01 0.116674881E-01 0.113470107E-01
 0.110261617E-01 0.107063465E-01 0.103893429E-01 0.100773601E-01 0.977309607E-02
 0.947977509E-02 0.920116901E-02 0.894156750E-02 0.870569889E-02 0.849856529E-02
 0.832520332E-02 0.819035899E-02 0.809811614E-02 0.805152487E-02 0.805229228E-02
 0.810059533E-02 0.819506217E-02 0.833292212E-02 0.851029530E-02 0.872255303E-02
 0.896469597E-02 0.923169404E-02 0.951874256E-02 0.982144661E-02 0.101359170E-01
 0.104588065E-01 0.107873073E-01 0.111191040E-01 0.114523293E-01 0.117854979E-01
 0.121174539E-01 0.124473125E-01 0.127744116E-01 0.130982725E-01 0.134185599E-01
 0.137350569E-01 0.140476367E-01 0.143562453E-01 0.146608828E-01 0.149615929E-01
 0.152584519E-01 0.155515559E-01 0.158410221E-01 0.161269791E-01 0.164095573E-01
 0.166888982E-01 0.169651397E-01 0.172384232E-01 0.175088868E-01 0.177766625E-01
 0.161400400E-01 0.158771649E-01 0.156116374E-01 0.153434332E-01 0.150725525E-01
 0.147990249E-01 0.145229232E-01 0.142443683E-01 0.139635457E-01 0.136807151E-01
 0.133962277E-01 0.131105483E-01 0.128242746E-01 0.125381621E-01 0.122531559E-01
 0.119704138E-01 0.116913440E-01 0.114176292E-01 0.111512542E-01 0.108945202E-01
 0.106500499E-01 0.104207639E-01 0.102098342E-01 0.100206044E-01 0.985646620E-02
 0.972070172E-02 0.961630419E-02 0.954577420E-02 0.951094180E-02 0.951281656E-02
 0.955150183E-02 0.962618832E-02 0.973522291E-02 0.987624004E-02 0.100463452E-01
 0.102423038E-01 0.104607362E-01 0.106982784E-01 0.109517127E-01 0.112180589E-01
 0.114946272E-01 0.117790429E-01 0.120692533E-01 0.123635093E-01 0.126603432E-01
 0.129585443E-01 0.132571217E-01 0.135552771E-01 0.138523784E-01 0.141479317E-01
 0.144415582E-01 0.147329764E-01 0.150219826E-01 0.153084379E-01 0.155922556E-01
 0.158733912E-01 0.161518361E-01 0.164276008E-01 0.167007260E-01 0.169712622E-01
 0.172392726E-01 0.175048318E-01 0.177680142E-01 0.180289075E-01 0.182875935E-01
 0.167409983E-01 0.164913945E-01 0.162400194E-01 0.159869231E-01 0.157321896E-01
 0.154759409E-01 0.152183399E-01 0.149596073E-01 0.147000244E-01 0.144399470E-01
 0.141798202E-01 0.139201907E-01 0.136617208E-01 0.134052094E-01 0.131516065E-01
 0.129020279E-01 0.126577746E-01 0.124203395E-01 0.121914195E-01 0.119729051E-01
 0.117668733E-01 0.115755564E-01 0.114012938E-01 0.112464717E-01 0.111134378E-01
 0.110044023E-01 0.109213283E-01 0.108658271E-01 0.108390590E-01 0.108416574E-01
 0.108736884E-01 0.109346434E-01 0.110234777E-01 0.111386748E-01 0.112783415E-01
 0.114403162E-01 0.116222743E-01 0.118218316E-01 0.120366327E-01 0.122644166E-01
 0.125030717E-01 0.127506619E-01 0.130054476E-01 0.132658910E-01 0.135306474E-01
 0.137985600E-01 0.140686426E-01 0.143400617E-01 0.146121252E-01 0.148842577E-01
 0.151559906E-01 0.154269477E-01 0.156968273E-01 0.159653928E-01 0.162324645E-01
 0.164979082E-01 0.167616270E-01 0.170235597E-01 0.172836650E-01 0.175419264E-01
 0.177983474E-01 0.180529393E-01 0.183057282E-01 0.185567457E-01 0.188060366E-01
 0.173483621E-01 0.171119422E-01 0.168745369E-01 0.166362617E-01 0.163972583E-01
 0.161577147E-01 0.159178544E-01 0.156779606E-01 0.154383695E-01 0.151994918E-01
 0.149618108E-01 0.147259012E-01 0.144924317E-01 0.142621798E-01 0.140360426E-01
 0.138150370E-01 0.136003140E-01 0.133931525E-01 0.131949643E-01 0.130072748E-01
 0.128317140E-01 0.126699843E-01 0.125238234E-01 0.123949591E-01 0.122850519E-01
 0.121956337E-01 0.121280421E-01 0.120833572E-01 0.120623475E-01 0.120654320E-01
 0.120926527E-01 0.121436771E-01 0.122178113E-01 0.123140421E-01 0.124310851E-01
 0.125674484E-01 0.127214957E-01 0.128915096E-01 0.130757494E-01 0.132725034E-01
 0.134801222E-01 0.136970552E-01 0.139218643E-01 0.141532384E-01 0.143899992E-01
 0.146310972E-01 0.148756094E-01 0.151227303E-01 0.153717650E-01 0.156221166E-01
 0.158732794E-01 0.161248259E-01 0.163763985E-01 0.166277010E-01 0.168784931E-01
 0.171285756E-01 0.173777919E-01 0.176260173E-01 0.178731568E-01 0.181191396E-01
 0.183639135E-01 0.186074469E-01 0.188497175E-01 0.190907195E-01 0.193304531E-01
 0.179595444E-01 0.177360103E-01 0.175121855E-01 0.172882229E-01 0.170643106E-01
 0.168406721E-01 0.166175719E-01 0.163953248E-01 0.161742959E-01 0.159549098E-01
 0.157376602E-01 0.155231077E-01 0.153118940E-01 0.151047446E-01 0.149024688E-01
 0.147059672E-01 0.145162316E-01 0.143343378E-01 0.141614433E-01 0.139987729E-01
 0.138476016E-01 0.137092350E-01 0.135849779E-01 0.134761017E-01 0.133838067E-01
 0.133091835E-01 0.132531710E-01 0.132165179E-01 0.131997559E-01 0.132031702E-01
 0.132267904E-01 0.132703884E-01 0.133334864E-01 0.134153841E-01 0.135151800E-01
 0.136318170E-01 0.137641160E-01 0.139108170E-01 0.140706208E-01 0.142422207E-01
 0.144243306E-01 0.146157127E-01 0.148151936E-01 0.150216781E-01 0.152341528E-01
 0.154516976E-01 0.156734791E-01 0.158987530E-01 0.161268562E-01 0.163572095E-01
 0.165893026E-01 0.168226920E-01 0.170569960E-01 0.172918867E-01 0.175270867E-01
 0.177623574E-01 0.179975014E-01 0.182323530E-01 0.184667744E-01 0.187006518E-01
 0.189338978E-01 0.191664398E-01 0.193982217E-01 0.196291991E-01 0.198593419E-01
 0.185722392E-01 0.183611512E-01 0.181503631E-01 0.179400593E-01 0.177304503E-01
 0.175217837E-01 0.173143428E-01 0.171084534E-01 0.169044845E-01 0.167028606E-01
 0.165040530E-01 0.163085945E-01 0.161170792E-01 0.159301590E-01 0.157485530E-01
 0.155730434E-01 0.154044703E-01 0.152437305E-01 0.150917675E-01 0.149495639E-01
 0.148181226E-01 0.146984505E-01 0.145915402E-01 0.144983428E-01 0.144197438E-01
 0.143565377E-01 0.143094016E-01 0.142788719E-01 0.142653249E-01 0.142689627E-01
 0.142898066E-01 0.143276956E-01 0.143822897E-01 0.144530879E-01 0.145394439E-01
 0.146405865E-01 0.147556486E-01 0.148836924E-01 0.150237307E-01 0.151747596E-01
 0.153357722E-01 0.155057795E-01 0.156838279E-01 0.158690084E-01 0.160604659E-01
 0.162574034E-01 0.164590888E-01 0.166648496E-01 0.168740787E-01 0.170862284E-01
 0.173008107E-01 0.175173879E-01 0.177355763E-01 0.179550387E-01 0.181754772E-01
 0.183966365E-01 0.186182894E-01 0.188402459E-01 0.190623403E-01 0.192844328E-01
 0.195064005E-01 0.197281465E-01 0.199495852E-01 0.201706477E-01 0.203912742E-01
 0.191844497E-01 0.189852603E-01 0.187868699E-01 0.185894761E-01 0.183933042E-01
 0.181986094E-01 0.180056784E-01 0.178148355E-01 0.176264439E-01 0.174409039E-01
 0.172586590E-01 0.170802008E-01 0.169060640E-01 0.167368297E-01 0.165731236E-01
 0.164156165E-01 0.162650179E-01 0.161220711E-01 0.159875453E-01 0.158622302E-01
 0.157469194E-01 0.156423971E-01 0.155494278E-01 0.154687343E-01 0.154009825E-01
 0.153467637E-01 0.153065771E-01 0.152808158E-01 0.152697554E-01 0.152735431E-01
 0.152921928E-01 0.153255882E-01 0.153734805E-01 0.154355038E-01 0.155111812E-01
 0.155999390E-01 0.157011263E-01 0.158140343E-01 0.159379039E-01 0.160719529E-01
 0.162153859E-01 0.163674168E-01 0.165272653E-01 0.166941807E-01 0.168674439E-01
 0.170463771E-01 0.172303393E-01 0.174187385E-01 0.176110286E-01 0.178067051E-01
 0.180053115E-01 0.182064362E-01 0.184097029E-01 0.186147802E-01 0.188213680E-01
 0.190291982E-01 0.192380399E-01 0.194476843E-01 0.196579471E-01 0.198686719E-01
 0.200797170E-01 0.202909615E-01 0.205023028E-01 0.207136497E-01 0.209249239E-01
 0.197944734E-01 0.196065716E-01 0.194198806E-01 0.192346033E-01 0.190509669E-01
 0.188692268E-01 0.186896659E-01 0.185125954E-01 0.183383562E-01 0.181673262E-01
 0.179999117E-01 0.178365577E-01 0.176777393E-01 0.175239667E-01 0.173757840E-01
 0.172337592E-01 0.170984920E-01 0.169705935E-01 0.168506987E-01 0.167394411E-01
 0.166374538E-01 0.165453553E-01 0.164637417E-01 0.163931698E-01 0.163341481E-01
 0.162871238E-01 0.162524767E-01 0.162305012E-01 0.162213985E-01 0.162252821E-01
 0.162421595E-01 0.162719470E-01 0.163144562E-01 0.163694154E-01 0.164364614E-01
 0.165151656E-01 0.166050270E-01 0.167054981E-01 0.168159921E-01 0.169358924E-01
 0.170645677E-01 0.172013827E-01 0.173457041E-01 0.174969081E-01 0.176543966E-01
 0.178175867E-01 0.179859307E-01 0.181589089E-01 0.183360353E-01 0.185168553E-01
 0.187009536E-01 0.188879427E-01 0.190774705E-01 0.192692149E-01 0.194628872E-01
 0.196582209E-01 0.198549815E-01 0.200529546E-01 0.202519484E-01 0.204517953E-01
 0.206523426E-01 0.208534580E-01 0.210550185E-01 0.212569237E-01 0.214590784E-01
 0.204008855E-01 0.202236287E-01 0.200479142E-01 0.198739450E-01 0.197019484E-01
 0.195321664E-01 0.193648729E-01 0.192003604E-01 0.190389473E-01 0.188809801E-01
 0.187268276E-01 0.185768846E-01 0.184315760E-01 0.182913430E-01 0.181566533E-01
 0.180279948E-01 0.179058630E-01 0.177907739E-01 0.176832434E-01 0.175837874E-01
 0.174929146E-01 0.174111184E-01 0.173388664E-01 0.172765944E-01 0.172246993E-01
 0.171835255E-01 0.171533637E-01 0.171344355E-01 0.171269011E-01 0.171308387E-01
 0.171462614E-01 0.171730984E-01 0.172112118E-01 0.172603913E-01 0.173203591E-01
 0.173907839E-01 0.174712781E-01 0.175614133E-01 0.176607277E-01 0.177687313E-01
 0.178849194E-01 0.180087723E-01 0.181397758E-01 0.182774104E-01 0.184211750E-01
 0.185705777E-01 0.187251456E-01 0.188844278E-01 0.190479942E-01 0.192154422E-01
 0.193863921E-01 0.195604935E-01 0.197374169E-01 0.199168622E-01 0.200985502E-01
 0.202822257E-01 0.204676557E-01 0.206546299E-01 0.208429564E-01 0.210324600E-01
 0.212229844E-01 0.214143861E-01 0.216065384E-01 0.217993259E-01 0.219926480E-01
 0.210025124E-01 0.208352488E-01 0.206697900E-01 0.205063354E-01 0.203451030E-01
 0.201863274E-01 0.200302601E-01 0.198771767E-01 0.197273698E-01 0.195811503E-01
 0.194388554E-01 0.193008315E-01 0.191674531E-01 0.190391038E-01 0.189161841E-01
 0.187991075E-01 0.186882950E-01 0.185841732E-01 0.184871685E-01 0.183977019E-01
 0.183161870E-01 0.182430185E-01 0.181785710E-01 0.181231890E-01 0.180771854E-01
 0.180408284E-01 0.180143453E-01 0.179979093E-01 0.179916434E-01 0.179956090E-01
 0.180098135E-01 0.180342048E-01 0.180686750E-01 0.181130581E-01 0.181671418E-01
 0.182306636E-01 0.183033198E-01 0.183847714E-01 0.184746496E-01 0.185725633E-01
 0.186781008E-01 0.187908392E-01 0.189103559E-01 0.190362185E-01 0.191680044E-01
 0.193052962E-01 0.194476917E-01 0.195947960E-01 0.197462365E-01 0.199016519E-01
 0.200607050E-01 0.202230774E-01 0.203884672E-01 0.205565933E-01 0.207271967E-01
 0.209000371E-01 0.210748874E-01 0.212515425E-01 0.214298163E-01 0.216095317E-01
 0.217905324E-01 0.219726712E-01 0.221558176E-01 0.223398525E-01 0.225246660E-01
 0.215984099E-01 0.214404929E-01 0.212845858E-01 0.211308803E-01 0.209795814E-01
 0.208309107E-01 0.206851028E-01 0.205424111E-01 0.204030983E-01 0.202674512E-01
 0.201357640E-01 0.200083479E-01 0.198855288E-01 0.197676383E-01 0.196550209E-01
 0.195480306E-01 0.194470212E-01 0.193523467E-01 0.192643646E-01 0.191834215E-01
 0.191098526E-01 0.190439802E-01 0.189861041E-01 0.189365018E-01 0.188954230E-01
 0.188630801E-01 0.188396536E-01 0.188252777E-01 0.188200511E-01 0.188240204E-01
 0.188371930E-01 0.188595280E-01 0.188909378E-01 0.189312939E-01 0.189804267E-01
 0.190381277E-01 0.191041566E-01 0.191782415E-01 0.192600824E-01 0.193493646E-01
 0.194457527E-01 0.195488986E-01 0.196584500E-01 0.197740477E-01 0.198953357E-01
 0.200219583E-01 0.201535691E-01 0.202898309E-01 0.204304121E-01 0.205749981E-01
 0.207232889E-01 0.208749939E-01 0.210298412E-01 0.211875737E-01 0.213479511E-01
 0.215107445E-01 0.216757432E-01 0.218427498E-01 0.220115818E-01 0.221820716E-01
 0.223540589E-01 0.225274041E-01 0.227019694E-01 0.228776354E-01 0.230542887E-01
 0.221878290E-01 0.220386330E-01 0.218916014E-01 0.217469167E-01 0.216047727E-01
 0.214653704E-01 0.213289317E-01 0.211956836E-01 0.210658666E-01 0.209397376E-01
 0.208175555E-01 0.206995979E-01 0.205861479E-01 0.204774942E-01 0.203739330E-01
 0.202757642E-01 0.201832894E-01 0.200968068E-01 0.200166106E-01 0.199429914E-01
 0.198762231E-01 0.198165718E-01 0.197642818E-01 0.197195765E-01 0.196826551E-01
 0.196536910E-01 0.196328294E-01 0.196201745E-01 0.196158066E-01 0.196197648E-01
 0.196320508E-01 0.196526349E-01 0.196814444E-01 0.197183806E-01 0.197633021E-01
 0.198160466E-01 0.198764168E-01 0.199441928E-01 0.200191326E-01 0.201009754E-01
 0.201894473E-01 0.202842597E-01 0.203851182E-01 0.204917211E-01 0.206037685E-01
 0.207209568E-01 0.208429899E-01 0.209695697E-01 0.211004149E-01 0.212352443E-01
 0.213737916E-01 0.215157960E-01 0.216610134E-01 0.218092091E-01 0.219601598E-01
 0.221136566E-01 0.222695004E-01 0.224275049E-01 0.225874968E-01 0.227493122E-01
 0.229128003E-01 0.230778195E-01 0.232442357E-01 0.234119296E-01 0.235807877E-01
 0.227701887E-01 0.226291157E-01 0.224903207E-01 0.223539732E-01 0.222202558E-01
 0.220893547E-01 0.219614692E-01 0.218368098E-01 0.217155907E-01 0.215980411E-01
 0.214843936E-01 0.213748906E-01 0.212697797E-01 0.211693104E-01 0.210737400E-01
 0.209833253E-01 0.208983179E-01 0.208189748E-01 0.207455438E-01 0.206782613E-01
 0.206173584E-01 0.205630548E-01 0.205155499E-01 0.204750281E-01 0.204416495E-01
 0.204155594E-01 0.203968678E-01 0.203856658E-01 0.203820150E-01 0.203859489E-01
 0.203974657E-01 0.204165429E-01 0.204431210E-01 0.204771217E-01 0.205184296E-01
 0.205669124E-01 0.206224080E-01 0.206847377E-01 0.207537021E-01 0.208290871E-01
 0.209106635E-01 0.209981911E-01 0.210914258E-01 0.211901087E-01 0.212939885E-01
 0.214028023E-01 0.215162970E-01 0.216342174E-01 0.217563119E-01 0.218823366E-01
 0.220120531E-01 0.221452303E-01 0.222816505E-01 0.224210974E-01 0.225633681E-01
 0.227082688E-01 0.228556171E-01 0.230052359E-01 0.231569652E-01 0.233106446E-01
 0.234661326E-01 0.236232895E-01 0.237819906E-01 0.239421129E-01 0.241035447E-01
 0.233450532E-01 0.232115351E-01 0.230803750E-01 0.229517315E-01 0.228257701E-01
 0.227026641E-01 0.225825943E-01 0.224657506E-01 0.223523267E-01 0.222425275E-01
 0.221365578E-01 0.220346302E-01 0.219369642E-01 0.218437742E-01 0.217552837E-01
 0.216717124E-01 0.215932764E-01 0.215201918E-01 0.214526691E-01 0.213909056E-01
 0.213350970E-01 0.212854240E-01 0.212420505E-01 0.212051310E-01 0.211747978E-01
 0.211511664E-01 0.211343318E-01 0.211243648E-01 0.211213175E-01 0.211252142E-01
 0.211360585E-01 0.211538263E-01 0.211784728E-01 0.212099310E-01 0.212481096E-01
 0.212928951E-01 0.213441588E-01 0.214017499E-01 0.214655064E-01 0.215352457E-01
 0.216107778E-01 0.216919035E-01 0.217784122E-01 0.218700897E-01 0.219667163E-01
 0.220680721E-01 0.221739318E-01 0.222840793E-01 0.223982912E-01 0.225163549E-01
 0.226380583E-01 0.227631982E-01 0.228915717E-01 0.230229907E-01 0.231572688E-01
 0.232942253E-01 0.234336946E-01 0.235755127E-01 0.237195250E-01 0.238655861E-01
 0.240135565E-01 0.241633076E-01 0.243147146E-01 0.244676620E-01 0.246220380E-01
 0.239121038E-01 0.237856116E-01 0.236615278E-01 0.235399995E-01 0.234211776E-01
 0.233052243E-01 0.231922995E-01 0.230825786E-01 0.229762327E-01 0.228734463E-01
 0.227744002E-01 0.226792824E-01 0.225882810E-01 0.225015897E-01 0.224193987E-01
 0.223418940E-01 0.222692676E-01 0.222016983E-01 0.221393649E-01 0.220824387E-01
 0.220310818E-01 0.219854433E-01 0.219456628E-01 0.219118688E-01 0.218841713E-01
 0.218626633E-01 0.218474269E-01 0.218385197E-01 0.218359809E-01 0.218398347E-01
 0.218500812E-01 0.218667034E-01 0.218896624E-01 0.219189022E-01 0.219543464E-01
 0.219959039E-01 0.220434647E-01 0.220969059E-01 0.221560895E-01 0.222208630E-01
 0.222910680E-01 0.223665331E-01 0.224470831E-01 0.225325320E-01 0.226226933E-01
 0.227173753E-01 0.228163879E-01 0.229195375E-01 0.230266321E-01 0.231374819E-01
 0.232519023E-01 0.233697072E-01 0.234907195E-01 0.236147679E-01 0.237416793E-01
 0.238712970E-01 0.240034610E-01 0.241380222E-01 0.242748372E-01 0.244137682E-01
 0.245546866E-01 0.246974677E-01 0.248419940E-01 0.249881521E-01 0.251358356E-01
 0.244711228E-01 0.243511610E-01 0.242336355E-01 0.241186805E-01 0.240064375E-01
 0.238970499E-01 0.237906687E-01 0.236874465E-01 0.235875417E-01 0.234911125E-01
 0.233983248E-01 0.233093426E-01 0.232243333E-01 0.231434628E-01 0.230668951E-01
 0.229947958E-01 0.229273252E-01 0.228646416E-01 0.228068940E-01 0.227542296E-01
 0.227067843E-01 0.226646848E-01 0.226280503E-01 0.225969851E-01 0.225715823E-01
 0.225519240E-01 0.225380715E-01 0.225300752E-01 0.225279722E-01 0.225317776E-01
 0.225414913E-01 0.225571003E-01 0.225785729E-01 0.226058606E-01 0.226389021E-01
 0.226776190E-01 0.227219202E-01 0.227717012E-01 0.228268448E-01 0.228872262E-01
 0.229527056E-01 0.230231434E-01 0.230983850E-01 0.231782719E-01 0.232626460E-01
 0.233513396E-01 0.234441869E-01 0.235410184E-01 0.236416683E-01 0.237459689E-01
 0.238537528E-01 0.239648577E-01 0.240791254E-01 0.241963975E-01 0.243165214E-01
 0.244393498E-01 0.245647393E-01 0.246925522E-01 0.248226561E-01 0.249549225E-01
 0.250892267E-01 0.252254549E-01 0.253634937E-01 0.255032387E-01 0.256445855E-01
 0.250219777E-01 0.249080863E-01 0.247966386E-01 0.246877614E-01 0.245815832E-01
 0.244782325E-01 0.243778490E-01 0.242805667E-01 0.241865311E-01 0.240958836E-01
 0.240087677E-01 0.239253324E-01 0.238457210E-01 0.237700809E-01 0.236985553E-01
 0.236312896E-01 0.235684197E-01 0.235100817E-01 0.234564058E-01 0.234075151E-01
 0.233635269E-01 0.233245511E-01 0.232906844E-01 0.232620165E-01 0.232386272E-01
 0.232205838E-01 0.232079402E-01 0.232007373E-01 0.231990051E-01 0.232027564E-01
 0.232119933E-01 0.232267026E-01 0.232468564E-01 0.232724175E-01 0.233033318E-01
 0.233395323E-01 0.233809445E-01 0.234274771E-01 0.234790333E-01 0.235355049E-01
 0.235967766E-01 0.236627236E-01 0.237332135E-01 0.238081161E-01 0.238872860E-01
 0.239705835E-01 0.240578633E-01 0.241489764E-01 0.242437739E-01 0.243421104E-01
 0.244438387E-01 0.245488137E-01 0.246568881E-01 0.247679260E-01 0.248817857E-01
 0.249983352E-01 0.251174401E-01 0.252389777E-01 0.253628213E-01 0.254888535E-01
 0.256169606E-01 0.257470328E-01 0.258789640E-01 0.260126516E-01 0.261480026E-01
 0.255645979E-01 0.254563503E-01 0.253505427E-01 0.252472889E-01 0.251467060E-01
 0.250489134E-01 0.249540359E-01 0.248621944E-01 0.247735195E-01 0.246881358E-01
 0.246061757E-01 0.245277658E-01 0.244530365E-01 0.243821144E-01 0.243151262E-01
 0.242521986E-01 0.241934489E-01 0.241389964E-01 0.240889508E-01 0.240434203E-01
 0.240025036E-01 0.239662956E-01 0.239348784E-01 0.239083301E-01 0.238867179E-01
 0.238700956E-01 0.238585118E-01 0.238520000E-01 0.238505863E-01 0.238542818E-01
 0.238630846E-01 0.238769893E-01 0.238959678E-01 0.239199903E-01 0.239490084E-01
 0.239829682E-01 0.240218043E-01 0.240654424E-01 0.241137948E-01 0.241667721E-01
 0.242242720E-01 0.242861900E-01 0.243524145E-01 0.244228244E-01 0.244973022E-01
 0.245757215E-01 0.246579554E-01 0.247438736E-01 0.248333458E-01 0.249262396E-01
 0.250224285E-01 0.251217801E-01 0.252241641E-01 0.253294557E-01 0.254375301E-01
 0.255482625E-01 0.256615356E-01 0.257772319E-01 0.258952361E-01 0.260154419E-01
 0.261377413E-01 0.262620300E-01 0.263882093E-01 0.265161861E-01 0.266458653E-01
 0.260989722E-01 0.259959772E-01 0.258954037E-01 0.257973578E-01 0.257019456E-01
 0.256092753E-01 0.255194586E-01 0.254326090E-01 0.253488403E-01 0.252682660E-01
 0.251909997E-01 0.251171589E-01 0.250468552E-01 0.249802042E-01 0.249173138E-01
 0.248582941E-01 0.248032492E-01 0.247522835E-01 0.247054901E-01 0.246629640E-01
 0.246247910E-01 0.245910492E-01 0.245618131E-01 0.245371461E-01 0.245171059E-01
 0.245017428E-01 0.244910941E-01 0.244851895E-01 0.244840495E-01 0.244876854E-01
 0.244960971E-01 0.245092735E-01 0.245271996E-01 0.245498419E-01 0.245771632E-01
 0.246091168E-01 0.246456452E-01 0.246866848E-01 0.247321632E-01 0.247820001E-01
 0.248361081E-01 0.248943977E-01 0.249567702E-01 0.250231214E-01 0.250933506E-01
 0.251673423E-01 0.252449885E-01 0.253261756E-01 0.254107863E-01 0.254987031E-01
 0.255898144E-01 0.256839991E-01 0.257811435E-01 0.258811321E-01 0.259838533E-01
 0.260891952E-01 0.261970479E-01 0.263073053E-01 0.264198631E-01 0.265346188E-01
 0.266514719E-01 0.267703310E-01 0.268910974E-01 0.270136874E-01 0.271380097E-01
 0.266251285E-01 0.265270248E-01 0.264313146E-01 0.263380967E-01 0.262474678E-01
 0.261595268E-01 0.260743741E-01 0.259921122E-01 0.259128418E-01 0.258366670E-01
 0.257636905E-01 0.256940126E-01 0.256277360E-01 0.255649611E-01 0.255057830E-01
 0.254502967E-01 0.253985971E-01 0.253507718E-01 0.253069066E-01 0.252670776E-01
 0.252313614E-01 0.251998287E-01 0.251725409E-01 0.251495540E-01 0.251309182E-01
 0.251166709E-01 0.251068510E-01 0.251014810E-01 0.251005795E-01 0.251041539E-01
 0.251122061E-01 0.251247268E-01 0.251416992E-01 0.251631010E-01 0.251888949E-01
 0.252190419E-01 0.252534933E-01 0.252921935E-01 0.253350791E-01 0.253820810E-01
 0.254331250E-01 0.254881307E-01 0.255470145E-01 0.256096851E-01 0.256760512E-01
 0.257460158E-01 0.258194804E-01 0.258963443E-01 0.259765051E-01 0.260598585E-01
 0.261463039E-01 0.262357332E-01 0.263280440E-01 0.264231320E-01 0.265208948E-01
 0.266212337E-01 0.267240461E-01 0.268292353E-01 0.269367043E-01 0.270463601E-01
 0.271581095E-01 0.272718649E-01 0.273875389E-01 0.275050476E-01 0.276243091E-01
 0.271431357E-01 0.270495880E-01 0.269584022E-01 0.268696658E-01 0.267834682E-01
 0.266998988E-01 0.266190488E-01 0.265410114E-01 0.264658779E-01 0.263937395E-01
 0.263246894E-01 0.262588169E-01 0.261962116E-01 0.261369646E-01 0.260811616E-01
 0.260288827E-01 0.259802137E-01 0.259352289E-01 0.258940049E-01 0.258566085E-01
 0.258231070E-01 0.257935598E-01 0.257680211E-01 0.257465392E-01 0.257291570E-01
 0.257159099E-01 0.257068276E-01 0.257019307E-01 0.257012360E-01 0.257047489E-01
 0.257124696E-01 0.257243942E-01 0.257405043E-01 0.257607792E-01 0.257851928E-01
 0.258137062E-01 0.258462783E-01 0.258828606E-01 0.259233993E-01 0.259678327E-01
 0.260160975E-01 0.260681231E-01 0.261238348E-01 0.261831526E-01 0.262459982E-01
 0.263122842E-01 0.263819247E-01 0.264548287E-01 0.265309066E-01 0.266100671E-01
 0.266922154E-01 0.267772581E-01 0.268651024E-01 0.269556530E-01 0.270488188E-01
 0.271445066E-01 0.272426270E-01 0.273430888E-01 0.274458025E-01 0.275506843E-01
 0.276576467E-01 0.277666077E-01 0.278774854E-01 0.279902034E-01 0.281046815E-01
 0.276530832E-01 0.275637861E-01 0.274768136E-01 0.273922421E-01 0.273101553E-01
 0.272306334E-01 0.271537621E-01 0.270796232E-01 0.270082969E-01 0.269398708E-01
 0.268744230E-01 0.268120375E-01 0.267527923E-01 0.266967677E-01 0.266440399E-01
 0.265946817E-01 0.265487656E-01 0.265063606E-01 0.264675301E-01 0.264323354E-01
 0.264008343E-01 0.263730809E-01 0.263491180E-01 0.263289921E-01 0.263127368E-01
 0.263003856E-01 0.262919609E-01 0.262874849E-01 0.262869690E-01 0.262904204E-01
 0.262978375E-01 0.263092145E-01 0.263245385E-01 0.263437927E-01 0.263669491E-01
 0.263939798E-01 0.264248457E-01 0.264595039E-01 0.264979079E-01 0.265400074E-01
 0.265857410E-01 0.266350489E-01 0.266878661E-01 0.267441235E-01 0.268037487E-01
 0.268666651E-01 0.269327983E-01 0.270020682E-01 0.270743910E-01 0.271496866E-01
 0.272278711E-01 0.273088589E-01 0.273925681E-01 0.274789110E-01 0.275678057E-01
 0.276591666E-01 0.277529135E-01 0.278489590E-01 0.279472265E-01 0.280476343E-01
 0.281501040E-01 0.282545574E-01 0.283609200E-01 0.284691174E-01 0.285790786E-01
 0.281550866E-01 0.280697607E-01 0.279867128E-01 0.279060192E-01 0.278277509E-01
 0.277519841E-01 0.276787952E-01 0.276082586E-01 0.275404491E-01 0.274754409E-01
 0.274133086E-01 0.273541249E-01 0.272979606E-01 0.272448864E-01 0.271949712E-01
 0.271482784E-01 0.271048751E-01 0.270648170E-01 0.270281639E-01 0.269949697E-01
 0.269652847E-01 0.269391537E-01 0.269166175E-01 0.268977154E-01 0.268824790E-01
 0.268709324E-01 0.268631019E-01 0.268590003E-01 0.268586408E-01 0.268620290E-01
 0.268691629E-01 0.268800389E-01 0.268946458E-01 0.269129667E-01 0.269349776E-01
 0.269606560E-01 0.269899648E-01 0.270228684E-01 0.270593259E-01 0.270992909E-01
 0.271427128E-01 0.271895360E-01 0.272397045E-01 0.272931568E-01 0.273498278E-01
 0.274096522E-01 0.274725594E-01 0.275384802E-01 0.276073422E-01 0.276790690E-01
 0.277535878E-01 0.278308224E-01 0.279106963E-01 0.279931314E-01 0.280780513E-01
 0.281653814E-01 0.282550454E-01 0.283469651E-01 0.284410696E-01 0.285372827E-01
 0.286355317E-01 0.287357438E-01 0.288378522E-01 0.289417859E-01 0.290474799E-01
 0.286492761E-01 0.285676606E-01 0.284882784E-01 0.284111965E-01 0.283364821E-01
 0.282642040E-01 0.281944312E-01 0.281272307E-01 0.280626714E-01 0.280008204E-01
 0.279417448E-01 0.278855097E-01 0.278321784E-01 0.277818143E-01 0.277344771E-01
 0.276902262E-01 0.276491176E-01 0.276112054E-01 0.275765397E-01 0.275451671E-01
 0.275171343E-01 0.274924804E-01 0.274712406E-01 0.274534468E-01 0.274391305E-01
 0.274283141E-01 0.274210144E-01 0.274172500E-01 0.274170265E-01 0.274203513E-01
 0.274272244E-01 0.274376385E-01 0.274515860E-01 0.274690520E-01 0.274900161E-01
 0.275144540E-01 0.275423396E-01 0.275736377E-01 0.276083127E-01 0.276463237E-01
 0.276876241E-01 0.277321693E-01 0.277799051E-01 0.278307796E-01 0.278847329E-01
 0.279417094E-01 0.280016437E-01 0.280644745E-01 0.281301364E-01 0.281985626E-01
 0.282696839E-01 0.283434354E-01 0.284197461E-01 0.284985434E-01 0.285797622E-01
 0.286633316E-01 0.287491791E-01 0.288372394E-01 0.289274398E-01 0.290197153E-01
 0.291139986E-01 0.292102210E-01 0.293083191E-01 0.294082277E-01 0.295098834E-01
 0.291357953E-01 0.290576536E-01 0.289816950E-01 0.289079826E-01 0.288365800E-01
 0.287675466E-01 0.287009478E-01 0.286368448E-01 0.285752974E-01 0.285163689E-01
 0.284601171E-01 0.284066014E-01 0.283558816E-01 0.283080097E-01 0.282630455E-01
 0.282210354E-01 0.281820334E-01 0.281460863E-01 0.281132385E-01 0.280835330E-01
 0.280570071E-01 0.280336998E-01 0.280136392E-01 0.279968586E-01 0.279833786E-01
 0.279732216E-01 0.279664043E-01 0.279629398E-01 0.279628374E-01 0.279660989E-01
 0.279727280E-01 0.279827155E-01 0.279960558E-01 0.280127339E-01 0.280327350E-01
 0.280560367E-01 0.280826129E-01 0.281124376E-01 0.281454735E-01 0.281816889E-01
 0.282210410E-01 0.282634888E-01 0.283089858E-01 0.283574834E-01 0.284089316E-01
 0.284632761E-01 0.285204630E-01 0.285804365E-01 0.286431331E-01 0.287084989E-01
 0.287764687E-01 0.288469810E-01 0.289199743E-01 0.289953854E-01 0.290731490E-01
 0.291532017E-01 0.292354804E-01 0.293199234E-01 0.294064637E-01 0.294950400E-01
 0.295855924E-01 0.296780560E-01 0.297723711E-01 0.298684780E-01 0.299663171E-01
 0.296147950E-01 0.295399074E-01 0.294671524E-01 0.293965898E-01 0.293282773E-01
 0.292622689E-01 0.291986242E-01 0.291373972E-01 0.290786475E-01 0.290224254E-01
 0.289687905E-01 0.289177913E-01 0.288694818E-01 0.288239121E-01 0.287811328E-01
 0.287411865E-01 0.287041217E-01 0.286699794E-01 0.286388006E-01 0.286106225E-01
 0.285854787E-01 0.285634026E-01 0.285444222E-01 0.285285618E-01 0.285158455E-01
 0.285062883E-01 0.284999087E-01 0.284967162E-01 0.284967180E-01 0.284999181E-01
 0.285063162E-01 0.285159089E-01 0.285286885E-01 0.285446420E-01 0.285637546E-01
 0.285860077E-01 0.286113806E-01 0.286398456E-01 0.286713727E-01 0.287059322E-01
 0.287434869E-01 0.287839994E-01 0.288274288E-01 0.288737305E-01 0.289228614E-01
 0.289747734E-01 0.290294141E-01 0.290867351E-01 0.291466825E-01 0.292092022E-01
 0.292742401E-01 0.293417368E-01 0.294116382E-01 0.294838864E-01 0.295584202E-01
 0.296351854E-01 0.297141206E-01 0.297951698E-01 0.298782736E-01 0.299633723E-01
 0.300504100E-01 0.301393308E-01 0.302300751E-01 0.303225890E-01 0.304168165E-01
 0.119312680E+01 0.121388888E+01 0.122827840E+01 0.124587393E+01 0.126436126E+01
 0.128337216E+01 0.130287063E+01 0.132304168E+01 0.134449148E+01 0.136588192E+01
 0.138753533E+01 0.140990734E+01 0.143340290E+01 0.145768428E+01 0.148236597E+01
 0.150766265E+01 0.153444576E+01 0.156168878E+01 0.158984578E+01 0.161889410E+01
 0.164878786E+01 0.168005502E+01 0.171214151E+01 0.174524224E+01 0.177949452E+01
 0.181510007E+01 0.185188401E+01 0.188998723E+01 0.192946303E+01 0.197036386E+01
 0.201282883E+01 0.205688477E+01 0.210271287E+01 0.215025759E+01 0.219962978E+01
 0.225105548E+01 0.230458736E+01 0.236045027E+01 0.241857028E+01 0.247912526E+01
 0.254244542E+01 0.260865951E+01 0.267796755E+01 0.275024796E+01 0.282603669E+01
 0.290584517E+01 0.298956585E+01 0.307736468E+01 0.316978192E+01 0.326766634E+01
 0.337061167E+01 0.347941518E+01 0.359523273E+01 0.371839714E+01 0.384953642E+01
 0.399107814E+01 0.414201641E+01 0.430616665E+01 0.448545265E+01 0.468266439E+01
 0.490653849E+01 0.516443443E+01 0.547566128E+01 0.592595959E+01 0.786430120E+01
   86   86
 0.109529531E+01 0.000000000E+00 0.109972072E+01 0.100000001E+00 0.110562503E+01
 0.177983016E+00 0.111232901E+01 0.250000000E+00 0.112480319E+01 0.349999994E+00
 0.113348031E+01 0.400000006E+00 0.115549743E+01 0.500000000E+00 0.117004406E+01
 0.550000012E+00 0.118696034E+01 0.600000024E+00 0.121187496E+01 0.664239943E+00
 0.123843753E+01 0.720303535E+00 0.126499999E+01 0.766899705E+00 0.129156256E+01
 0.805239499E+00 0.133221591E+01 0.850000024E+00 0.137125003E+01 0.882064104E+00
 0.140200782E+01 0.899999976E+00 0.145093751E+01 0.920982897E+00 0.150406253E+01
 0.931083202E+00 0.155718756E+01 0.931820333E+00 0.161031246E+01 0.924365044E+00
 0.166343749E+01 0.908505380E+00 0.169000006E+01 0.896970451E+00 0.174312496E+01
 0.871402979E+00 0.177772141E+01 0.850000024E+00 0.182281256E+01 0.819589555E+00
 0.184937501E+01 0.798679888E+00 0.190250003E+01 0.755107403E+00 0.192906249E+01
 0.730520368E+00 0.195972931E+01 0.699999988E+00 0.200486255E+01 0.649999976E+00
 0.203531241E+01 0.613668323E+00 0.206187510E+01 0.578107357E+00 0.208843756E+01
 0.538892150E+00 0.211500001E+01 0.495484918E+00 0.214156246E+01 0.447097898E+00
 0.216812491E+01 0.392731547E+00 0.219468760E+01 0.331026822E+00 0.222125006E+01
 0.259492487E+00 0.223917079E+01 0.200000003E+00 0.225155973E+01 0.150000006E+00
 0.226513314E+01 0.500000007E-01 0.226330066E+01-0.500000007E-01 0.224781251E+01
-0.136200815E+00 0.222976851E+01-0.200000003E+00 0.221087527E+01-0.250000000E+00
 0.218863702E+01-0.300000012E+00 0.216319871E+01-0.349999994E+00 0.213445663E+01
-0.400000006E+00 0.210217690E+01-0.449999988E+00 0.206608248E+01-0.500000000E+00
 0.203531241E+01-0.538072765E+00 0.200874996E+01-0.569341779E+00 0.198081326E+01
-0.600000024E+00 0.193412721E+01-0.649999976E+00 0.190250003E+01-0.682234883E+00
 0.187593746E+01-0.708603680E+00 0.183233142E+01-0.750000000E+00 0.179624999E+01
-0.784699082E+00 0.176968753E+01-0.809790075E+00 0.172543967E+01-0.850000024E+00
 0.169000006E+01-0.883684993E+00 0.166343749E+01-0.908328474E+00 0.161687207E+01
-0.949999988E+00 0.158375001E+01-0.982068360E+00 0.155718756E+01-0.100650644E+01
 0.150767958E+01-0.104999995E+01 0.147663939E+01-0.108039534E+01 0.144921625E+01
-0.110461140E+01 0.141947138E+01-0.104999995E+01 0.139145970E+01-0.100000000E+01
 0.136417460E+01-0.949999988E+00 0.133750451E+01-0.899999976E+00 0.131155670E+01
-0.850000024E+00 0.128651369E+01-0.800000012E+00 0.126262486E+01-0.750000000E+00
 0.123843753E+01-0.695525110E+00 0.121187496E+01-0.633096933E+00 0.118531251E+01
-0.564116299E+00 0.116387355E+01-0.500000000E+00 0.114882445E+01-0.449999988E+00
 0.113218749E+01-0.384064227E+00 0.111513972E+01-0.300000012E+00 0.110562503E+01
-0.232900128E+00 0.109764516E+01-0.150000006E+00 0.109465599E+01-0.500000007E-01
 0.109529531E+01 0.000000000E+00
 0.101600003E+01 0.000000000E+00 0.101600003E+01 0.963999987E+00 0.101600003E+01
 0.967999995E+00 0.101600003E+01 0.100100005E+01 0.101600003E+01 0.101900005E+01
 0.101600003E+01 0.107700002E+01 0.101600003E+01 0.107000005E+01 0.101600003E+01
 0.109599996E+01 0.101600003E+01 0.111300004E+01 0.101600003E+01 0.113800001E+01
 0.101600003E+01 0.114699996E+01 0.101199996E+01 0.116499996E+01 0.100100005E+01
 0.121700001E+01 0.102900004E+01 0.121700001E+01 0.104200006E+01 0.116240001E+01
 0.104600000E+01 0.116237998E+01 0.105599999E+01 0.116260004E+01 0.109700000E+01
 0.116450000E+01 0.110800004E+01 0.116594005E+01 0.111600006E+01 0.116591001E+01
 0.113399994E+01 0.116895998E+01 0.114800000E+01 0.117174995E+01 0.116199994E+01
 0.117556000E+01 0.118099999E+01 0.118299997E+01 0.118200004E+01 0.118350005E+01
 0.118499994E+01 0.118499994E+01 0.119000006E+01 0.118799996E+01 0.119500005E+01
 0.119099998E+01 0.120099998E+01 0.119599998E+01 0.120899999E+01 0.120200002E+01
 0.121500003E+01 0.120799994E+01 0.122200000E+01 0.121399999E+01 0.122800004E+01
 0.122099996E+01 0.123399997E+01 0.123099995E+01 0.123899996E+01 0.123800004E+01
 0.124199998E+01 0.124399996E+01 0.124800003E+01 0.125399995E+01 0.125800002E+01
 0.127800000E+01 0.126300001E+01 0.128999996E+01 0.127999997E+01 0.133099997E+01
 0.127999997E+01 0.134700000E+01 0.127999997E+01 0.134800005E+01 0.130999994E+01
 0.134800005E+01 0.132799995E+01 0.134800005E+01 0.136099994E+01 0.134800005E+01
 0.138000000E+01 0.134800005E+01 0.141900003E+01 0.134800005E+01 0.141900003E+01
 0.130999994E+01 0.137199998E+01 0.130999994E+01 0.137199998E+01 0.129200006E+01
 0.160800004E+01 0.109500003E+01 0.164699996E+01 0.107700002E+01 0.178499997E+01
 0.107700002E+01 0.206999993E+01 0.103999996E+01 0.212800002E+01 0.992999971E+00
 0.224499989E+01 0.708999991E+00 0.232299995E+01 0.518999994E+00 0.237700009E+01
 0.388999999E+00 0.236249995E+01 0.400000006E+00 0.236443496E+01 0.222000003E+00
 0.236496902E+01 0.133000001E+00 0.236532402E+01 0.439999998E-01 0.236512089E+01
-0.439999998E-01 0.236484194E+01-0.133000001E+00 0.236433411E+01-0.222000003E+00
 0.236249995E+01-0.400000006E+00 0.237700009E+01-0.388999999E+00 0.213400006E+01
-0.972999990E+00 0.178600001E+01-0.117400002E+01 0.176800001E+01-0.121099997E+01
 0.176800001E+01-0.125000000E+01 0.168200004E+01-0.125000000E+01 0.137199998E+01
-0.125000000E+01 0.137199998E+01-0.132900000E+01 0.141999996E+01-0.132900000E+01
 0.141999996E+01-0.136300004E+01 0.127300000E+01-0.136300004E+01 0.115300000E+01
-0.136300004E+01 0.101600003E+01-0.122300005E+01 0.101600003E+01-0.122300005E+01
 0.101600003E+01-0.829999983E+00 0.101600003E+01-0.800000012E+00 0.101600003E+01
-0.414999992E+00 0.101600003E+01-0.400000006E+00 0.101600003E+01-0.100000005E-02
 0.101600003E+01 0.000000000E+00
