20-Jun-16  01/25/2016
 167196               1
   3000
*3000.000             1               0 SNB   3   1 CLC     0    0
  0.198802738E+02 0.169550003E+03 0.200249863E+01 0.117551463E+07
  0.117463337E+07 0.167438080E+03-0.761595964E+01 0.588493996E+02
  0.169490671E+01 0.244277507E+00 0.546364069E+00 0.175062280E+08
  0.168562012E+03 0.254253483E+01 0.526799250E+01 0.817279577E+00
  0.387844771E+00 0.123628080E+01 0.698880863E+01 0.826480770E+01
  0.354663696E+02 0.177434483E+02 0.390215778E+01-0.836531520E+00
  0.193943155E+03 0.139301038E+03 0.100861776E+03
  0.334316653E+14 0.334215339E+14 0.253482325E+14
  0.117269135E+03
  0.329948392E+14
  0.545036983E+01 0.294355482E+00 0.213211584E+01 0.981004357E+00
  0.627680421E+00 0.848060608E+01-0.500000000E+02-0.500000000E+02
 -0.500000000E+02-0.905354470E-01 0.171555176E+05 0.351112375E+06
  0.604547677E-04 0.131598294E+01 0.100324905E+01 0.250762235E-01
  0.138231373E+01 0.157929306E+03-0.183077931E+00 0.000000000E+00
  0.135284882E+03-0.107360207E+03-0.999000000E+03-0.999000000E+03
  0.180366001E+02-0.500000000E+02 0.203919125E+01 0.197169220E+01
  0.100000000E+03 0.453095856E+02 0.533995552E+02 0.698880863E+01
  0.172199097E+03 0.323725891E+01 0.225536674E+00 0.679480530E+03
  0.337544709E+00 0.711285651E+00 0.305576219E+06 0.270948567E-04
  0.439913064E+00 0.591357941E+03 0.120286572E+01 0.100000010E+02
    44   76   18    6
 -0.139600739E-03 0.585598733E-02 0.334860422E-01 0.528043769E-01
  0.551394373E-01-0.136971191E+00-0.181220621E+00 0.521422960E-01
  0.115403848E-03-0.122287115E-01 0.815378129E-02 0.216235928E-01
  0.102476865E+00 0.133940250E+00-0.213249311E+00-0.214029476E+00
  0.134308621E+00 0.847611129E-01 0.961626228E-02 0.158137437E-01
  0.268540587E-01 0.467309058E-01 0.515682921E-01 0.537239164E-01
  0.247275340E-02-0.154252589E+00-0.132852301E+00-0.169397026E+00
 -0.111484773E+00 0.105091212E-01 0.205809791E-01 0.655091926E-01
  0.111225091E+00 0.128794447E+00 0.307814088E-01-0.163791254E+00
 -0.147856206E+00-0.256813467E+00-0.183205724E+00 0.109976336E+00
  0.903922766E-01 0.986127257E-01 0.772250146E-01 0.420031510E-01
  0.510749996E+00 0.499017864E+00 0.357967645E+00 0.470937371E+00
  0.424812883E+00 0.372571409E+00 0.190659955E+00 0.274705172E+00
  0.101880029E+00 0.265469849E+00 0.247126728E+00 0.247021675E+00
  0.263792276E+00 0.300249547E+00 0.273891777E+00 0.521112382E+00
  0.329724520E+00 0.504537165E+00 0.426392019E+00 0.345233828E+00
  0.263447881E+00 0.274177730E+00 0.514159322E+00 0.217896372E+00
  0.285669386E+00 0.270260006E+00 0.269859016E+00 0.297034174E+00
  0.328884959E+00 0.318800032E-02 0.258937124E-01 0.424514599E-01
  0.999159813E-01 0.136489794E+00 0.209667444E+00 0.263446748E+00
  0.246324643E+00 0.264673144E+00 0.295944274E+00 0.271203786E+00
  0.331246972E+00 0.294321150E+00 0.269535005E+00 0.287087232E+00
  0.238171265E+00 0.113314085E+00-0.594123267E-01-0.401957892E-01
 -0.803506821E-01-0.869616494E-01-0.115214707E-01 0.235541686E+00
  0.331651181E+00 0.512663245E+00 0.510325670E+00 0.477738500E+00
  0.360736251E+00 0.142279699E+00 0.138007281E-01 0.332998252E-02
  0.790814757E-01 0.975192189E-01 0.105491556E+00 0.945867375E-01
 -0.474321470E-02-0.149047439E-03-0.103631355E+00-0.147911295E+00
 -0.346019258E-02 0.987805333E-02 0.846199989E-01-0.179591533E-01
  0.105040744E-01-0.206024013E-01-0.168194845E-01-0.142839914E-01
 -0.124197125E+06-0.112097961E+06 0.356717873E+03 0.755152578E+05
  0.544045547E+05-0.147458578E+06-0.199392922E+06 0.441875781E+05
 -0.762576320E+04-0.182048609E+06-0.700402969E+05-0.105877969E+06
  0.165854563E+06 0.145609062E+06-0.233243391E+06-0.223689969E+06
  0.913403516E+05 0.644478125E+05
 -0.230930684E+05-0.227939062E+05-0.229035508E+05-0.226137344E+05
 -0.230403066E+05-0.226990547E+05
  0.000000000E+00 0.101599991E+03-0.116173126E+03 0.142648285E+03
 -0.125000000E+03 0.434770733E+00 0.000000000E+00-0.171484376E-02
  0.000000000E+00 0.000000000E+00 0.733555984E+02 0.000000000E+00
 -0.899237103E-02 0.323813186E-01-0.399999962E+02-0.135669649E+00
 -0.755587459E+00 0.300000000E+01 0.999000000E+03 0.284780526E+01
  0.180099182E+02 0.100324905E+01 0.000000000E+00 0.117681577E+00
  0.912989712E+01 0.856661034E+01 0.544163132E+01 0.000000000E+00
 -0.147912726E+00-0.105426050E+00 0.108765781E+01 0.225985479E+01
  0.507386017E+02 0.433421421E+01-0.890000000E+02 0.177434483E+02
 -0.890000000E+02-0.890000000E+02-0.890000000E+02-0.890000000E+02
  0.144740665E+01-0.890000000E+02-0.890000000E+02 0.101599991E+03
 -0.116173126E+03-0.890000000E+02-0.890000000E+02 0.142648285E+03
 -0.125000000E+03 0.288941269E+05 0.477912009E+00 0.692048848E+00
  0.134364166E+03 0.163687500E+03 0.000000000E+00 0.102802873E+01
  0.000000000E+00 0.373121333E+01 0.000000000E+00 0.826480770E+01
