  EFITD    01/25/2016    #167196  3000ms  EFIT01   0  65  65
 0.170000005E+01 0.320000005E+01 0.169550002E+01 0.839999974E+00 0.000000000E+00
 0.172199094E+01 0.323725902E-01-0.225536674E+00 0.905354470E-01 0.200249863E+01
 0.117463337E+07-0.225536674E+00 0.000000000E+00 0.172199094E+01 0.000000000E+00
 0.323725902E-01 0.000000000E+00 0.905354470E-01 0.000000000E+00 0.000000000E+00
 0.351146913E+01 0.350756335E+01 0.350372505E+01 0.349995375E+01 0.349624991E+01
 0.349261308E+01 0.348904371E+01 0.348554182E+01 0.348210692E+01 0.347873950E+01
 0.347543907E+01 0.347220612E+01 0.346904039E+01 0.346594191E+01 0.346291041E+01
 0.345994616E+01 0.345704913E+01 0.345421910E+01 0.345145607E+01 0.344876003E+01
 0.344613099E+01 0.344356871E+01 0.344107342E+01 0.343864489E+01 0.343628287E+01
 0.343398762E+01 0.343175888E+01 0.342959666E+01 0.342750072E+01 0.342547131E+01
 0.342350793E+01 0.342161059E+01 0.341977954E+01 0.341801429E+01 0.341631460E+01
 0.341468096E+01 0.341311264E+01 0.341160989E+01 0.341017246E+01 0.340880036E+01
 0.340749311E+01 0.340625095E+01 0.340507364E+01 0.340396094E+01 0.340291262E+01
 0.340192866E+01 0.340100908E+01 0.340015340E+01 0.339936185E+01 0.339863372E+01
 0.339796925E+01 0.339736819E+01 0.339683032E+01 0.339635563E+01 0.339594364E+01
 0.339559412E+01 0.339530730E+01 0.339508271E+01 0.339492011E+01 0.339481926E+01
 0.339478040E+01 0.339480257E+01 0.339488626E+01 0.339503098E+01 0.339523625E+01
 0.579815430E+05 0.561167734E+05 0.542824414E+05 0.524785469E+05 0.507050898E+05
 0.489620742E+05 0.472494961E+05 0.455673555E+05 0.439156524E+05 0.422943906E+05
 0.407035625E+05 0.391431758E+05 0.376132305E+05 0.361137188E+05 0.346446484E+05
 0.332060156E+05 0.317978184E+05 0.304200625E+05 0.290727441E+05 0.277558652E+05
 0.264694238E+05 0.252134199E+05 0.239878555E+05 0.227927285E+05 0.216280410E+05
 0.204937910E+05 0.193899805E+05 0.183166074E+05 0.172736738E+05 0.162611777E+05
 0.152791201E+05 0.143275010E+05 0.134063203E+05 0.125155771E+05 0.116552734E+05
 0.108254082E+05 0.100259805E+05 0.925699219E+04 0.851844141E+04 0.781032910E+04
 0.713265527E+04 0.648541992E+04 0.586862305E+04 0.528226416E+04 0.472634424E+04
 0.420086230E+04 0.370581885E+04 0.324121387E+04 0.280704712E+04 0.240331885E+04
 0.203002881E+04 0.168717737E+04 0.137476416E+04 0.109278931E+04 0.841252990E+03
 0.620154969E+03 0.429495301E+03 0.269274049E+03 0.139491196E+03 0.401467059E+02
-0.287594008E+02-0.672271268E+02-0.752564619E+02-0.528474235E+02 0.000000000E+00
-0.280091595E+01-0.275005221E+01-0.269933343E+01-0.264875984E+01-0.259833097E+01
-0.254804707E+01-0.249790835E+01-0.244791460E+01-0.239806557E+01-0.234836173E+01
-0.229880285E+01-0.224938893E+01-0.220011997E+01-0.215099597E+01-0.210201693E+01
-0.205318284E+01-0.200449371E+01-0.195594978E+01-0.190755069E+01-0.185929656E+01
-0.181118739E+01-0.176322317E+01-0.171540403E+01-0.166772974E+01-0.162020051E+01
-0.157281625E+01-0.152557695E+01-0.147848260E+01-0.143153334E+01-0.138472891E+01
-0.133806956E+01-0.129155517E+01-0.124518573E+01-0.119896126E+01-0.115288186E+01
-0.110694730E+01-0.106115782E+01-0.101551330E+01-0.970013678E+00-0.924659073E+00
-0.879449487E+00-0.834384859E+00-0.789465189E+00-0.744690478E+00-0.700060785E+00
-0.655576050E+00-0.611236274E+00-0.567041516E+00-0.522991717E+00-0.479086876E+00
-0.435327023E+00-0.391712159E+00-0.348242283E+00-0.304917365E+00-0.261737406E+00
-0.218702450E+00-0.175812468E+00-0.133067459E+00-0.904674231E-01-0.480123647E-01
-0.570228277E-02 0.364628211E-01 0.784829480E-01 0.120358095E+00 0.162088275E+00
-0.380670562E+06-0.374507219E+06-0.368343906E+06-0.362180562E+06-0.356017250E+06
-0.349853906E+06-0.343690562E+06-0.337527250E+06-0.331363906E+06-0.325200594E+06
-0.319037250E+06-0.312873937E+06-0.306710594E+06-0.300547281E+06-0.294383937E+06
-0.288220625E+06-0.282057281E+06-0.275893969E+06-0.269730625E+06-0.263567313E+06
-0.257403969E+06-0.251240641E+06-0.245077313E+06-0.238913984E+06-0.232750656E+06
-0.226587328E+06-0.220424000E+06-0.214260672E+06-0.208097344E+06-0.201934016E+06
-0.195770688E+06-0.189607359E+06-0.183444031E+06-0.177280703E+06-0.171117375E+06
-0.164954047E+06-0.158790719E+06-0.152627391E+06-0.146464047E+06-0.140300719E+06
-0.134137391E+06-0.127974070E+06-0.121810734E+06-0.115647406E+06-0.109484078E+06
-0.103320750E+06-0.971574219E+05-0.909940937E+05-0.848307656E+05-0.786674375E+05
-0.725041094E+05-0.663407813E+05-0.601774492E+05-0.540141211E+05-0.478507930E+05
-0.416874609E+05-0.355241328E+05-0.293608047E+05-0.231974766E+05-0.170341465E+05
-0.108708183E+05-0.470748878E+04 0.145583981E+04 0.761916896E+04 0.137824980E+05
 1.078814343e-01 1.016281694e-01 9.488779305e-02 8.762030306e-02 7.990340886e-02
 7.192897800e-02 6.397046152e-02 5.633506918e-02 5.149075013e-02 5.197202787e-02
 5.241105708e-02 5.060440308e-02 4.783766717e-02 4.634095734e-02 4.580150166e-02
 4.611510786e-02 4.728896538e-02 4.939546812e-02 5.260382962e-02 5.725436661e-02
 6.399559227e-02 7.074216750e-02 7.589665055e-02 7.997200635e-02 8.322433385e-02
 8.576560764e-02 8.761119840e-02 8.868546040e-02 8.879718931e-02 8.765433729e-02
 8.767366412e-02 8.965142071e-02 9.333250673e-02 9.883728624e-02 1.062191725e-01
 1.157152504e-01 1.263911575e-01 1.357880533e-01 1.442915797e-01 1.521633715e-01
 1.595891714e-01 1.667053103e-01 1.736101359e-01 1.803706586e-01 1.870283782e-01
 1.936050654e-01 2.001075596e-01 2.065314352e-01 2.128635347e-01 2.190839350e-01
 2.251674086e-01 2.310848236e-01 2.368043959e-01 2.422931641e-01 2.475184202e-01
 2.524492443e-01 2.570580542e-01 2.613218427e-01 2.652234137e-01 2.687519789e-01
 2.719036341e-01 2.746810615e-01 2.770932317e-01 2.791543305e-01 2.808829248e-01
 1.023288518e-01 9.481928495e-02 8.662241697e-02 7.760801908e-02 6.777398288e-02
 5.732893565e-02 4.808769372e-02 4.266622284e-02 4.159718001e-02 4.501207167e-02
 4.783468693e-02 4.863877973e-02 4.849432036e-02 4.847966883e-02 4.887169221e-02
 4.978320381e-02 5.130334196e-02 5.352817482e-02 5.657133830e-02 6.055591998e-02
 6.549604981e-02 7.056262347e-02 7.499254498e-02 7.875573635e-02 8.189641684e-02
 8.443348852e-02 8.633838593e-02 8.751557770e-02 8.776655793e-02 8.681407574e-02
 8.696857095e-02 8.905075490e-02 9.285183997e-02 9.843495488e-02 1.059162840e-01
 1.155854389e-01 1.264514327e-01 1.361881197e-01 1.451495439e-01 1.535758823e-01
 1.616270691e-01 1.694152206e-01 1.770201177e-01 1.844971478e-01 1.918821037e-01
 1.991945356e-01 2.064402699e-01 2.136134356e-01 2.206980884e-01 2.276695371e-01
 2.344955951e-01 2.411379814e-01 2.475538403e-01 2.536977828e-01 2.595239282e-01
 2.649885416e-01 2.700524926e-01 2.746835947e-01 2.788585126e-01 2.825640440e-01
 2.857976556e-01 2.885669470e-01 2.908887565e-01 2.927874327e-01 2.942928970e-01
 9.783367816e-02 8.961817622e-02 8.049123736e-02 6.996733698e-02 5.783837292e-02
 4.854016376e-02 4.308472577e-02 4.161983731e-02 4.425530136e-02 4.765009510e-02
 5.027952421e-02 5.209147561e-02 5.337407067e-02 5.445847294e-02 5.560212204e-02
 5.697760734e-02 5.869901931e-02 6.084064391e-02 6.343827400e-02 6.647120415e-02
 6.983070078e-02 7.331919672e-02 7.672958820e-02 7.992241533e-02 8.282449099e-02
 8.539787680e-02 8.761804554e-02 8.946695924e-02 9.094926712e-02 9.223696588e-02
 9.411995855e-02 9.712851790e-02 1.013744175e-01 1.069108322e-01 1.137751490e-01
 1.219291091e-01 1.308105439e-01 1.396289617e-01 1.482422501e-01 1.566669792e-01
 1.649441123e-01 1.731158942e-01 1.812187135e-01 1.892803162e-01 1.973186880e-01
 2.053415477e-01 2.133461833e-01 2.213193923e-01 2.292374820e-01 2.370663881e-01
 2.447621077e-01 2.522714734e-01 2.595337331e-01 2.664830089e-01 2.730514109e-01
 2.791732848e-01 2.847895026e-01 2.898519635e-01 2.943269908e-01 2.981977165e-01
 3.014647365e-01 3.041450977e-01 3.062699437e-01 3.078811169e-01 3.090274930e-01
 9.457799792e-02 8.649308978e-02 7.782813907e-02 6.818345937e-02 5.784612523e-02
 5.179407822e-02 5.054762590e-02 5.149035522e-02 5.290700495e-02 5.451262744e-02
 5.609395358e-02 5.754991618e-02 5.888828634e-02 6.018278004e-02 6.152803826e-02
 6.301163134e-02 6.470154971e-02 6.664111465e-02 6.884533909e-02 7.129745182e-02
 7.394867393e-02 7.672668248e-02 7.955303790e-02 8.236107977e-02 8.510606739e-02
 8.776792882e-02 9.035310149e-02 9.290172161e-02 9.550432858e-02 9.832111004e-02
 1.015674919e-01 1.054456904e-01 1.100904122e-01 1.155626848e-01 1.218516603e-01
 1.288637519e-01 1.364242882e-01 1.443361640e-01 1.524536162e-01 1.606969088e-01
 1.690310240e-01 1.774449200e-01 1.859383285e-01 1.945139170e-01 2.031725347e-01
 2.119100243e-01 2.207147777e-01 2.295658439e-01 2.384310663e-01 2.472655177e-01
 2.560102642e-01 2.645918429e-01 2.729230523e-01 2.809054554e-01 2.884344459e-01
 2.954060137e-01 3.017254472e-01 3.073159158e-01 3.121255636e-01 3.161320686e-01
 3.193436861e-01 3.217966259e-01 3.235494792e-01 3.246759772e-01 3.252573013e-01
 9.162458034e-02 8.424309644e-02 7.738366726e-02 7.082943621e-02 6.500352921e-02
 6.237560514e-02 6.115645918e-02 6.085022169e-02 6.113464011e-02 6.178447601e-02
 6.264519690e-02 6.362368912e-02 6.467949600e-02 6.581123917e-02 6.704078613e-02
 6.839907169e-02 6.991564485e-02 7.161176948e-02 7.349647583e-02 7.556501029e-02
 7.779998335e-02 8.017538489e-02 8.266282830e-02 8.523839709e-02 8.788859841e-02
 9.061487764e-02 9.343728426e-02 9.639769790e-02 9.956184773e-02 1.030168832e-01
 1.068611890e-01 1.111875549e-01 1.160665303e-01 1.215356440e-01 1.275949329e-01
 1.342082620e-01 1.413119286e-01 1.488307417e-01 1.566950679e-01 1.648510992e-01
 1.732626557e-01 1.819079220e-01 1.907746941e-01 1.998557448e-01 2.091449499e-01
 2.186338156e-01 2.283082903e-01 2.381455153e-01 2.481102794e-01 2.581511140e-01
 2.681961656e-01 2.781492472e-01 2.878876626e-01 2.972630262e-01 3.061077595e-01
 3.142480254e-01 3.215214312e-01 3.277960718e-01 3.329861462e-01 3.370614648e-01
 3.400491476e-01 3.420270383e-01 3.431099057e-01 3.434323370e-01 3.431322873e-01
 8.623852578e-02 7.855702192e-02 7.525634023e-02 7.315421102e-02 7.113114001e-02
 6.961473826e-02 6.868142636e-02 6.825087219e-02 6.821260600e-02 6.846657394e-02
 6.893447040e-02 6.956246497e-02 7.032002507e-02 7.119598982e-02 7.219302657e-02
 7.332172242e-02 7.459529486e-02 7.602558285e-02 7.762043177e-02 7.938265802e-02
 8.131044361e-02 8.339906481e-02 8.564355971e-02 8.804184941e-02 9.059774879e-02
 9.332350640e-02 9.624164554e-02 9.938573839e-02 1.027997360e-01 1.065352112e-01
 1.106464416e-01 1.151839569e-01 1.201880872e-01 1.256841719e-01 1.316802800e-01
 1.381680071e-01 1.451260448e-01 1.525259465e-01 1.603381336e-01 1.685366779e-01
 1.771018207e-01 1.860205233e-01 1.952854991e-01 2.048934996e-01 2.148430646e-01
 2.251321822e-01 2.357552201e-01 2.466993481e-01 2.579397261e-01 2.694329917e-01
 2.811086178e-01 2.928576767e-01 3.045205176e-01 3.158770204e-01 3.266488016e-01
 3.365230560e-01 3.451973200e-01 3.524268866e-01 3.580589592e-01 3.620510995e-01
 3.644761145e-01 3.655088842e-01 3.653898537e-01 3.643771112e-01 3.627083004e-01
 8.332222702e-02 7.563980669e-02 7.419326158e-02 7.468022408e-02 7.469825445e-02
 7.452870902e-02 7.435560971e-02 7.426919045e-02 7.430269571e-02 7.446098326e-02
 7.473824917e-02 7.512775809e-02 7.562640306e-02 7.623622568e-02 7.696393877e-02
 7.781945915e-02 7.881417125e-02 7.995929569e-02 8.126486093e-02 8.273916692e-02
 8.438909802e-02 8.622085305e-02 8.824128656e-02 9.045926479e-02 9.288711104e-02
 9.554174545e-02 9.844532606e-02 1.016252860e-01 1.051135734e-01 1.089449525e-01
 1.131546423e-01 1.177754402e-01 1.228350476e-01 1.283539384e-01 1.343444586e-01
 1.408110410e-01 1.477517784e-01 1.551606655e-01 1.630303711e-01 1.713545173e-01
 1.801296025e-01 1.893559843e-01 1.990382373e-01 2.091849595e-01 2.198081911e-01
 2.309222072e-01 2.425419986e-01 2.546806633e-01 2.673452497e-01 2.805300653e-01
 2.942048311e-01 3.082949817e-01 3.226479292e-01 3.369805217e-01 3.508198261e-01
 3.635217845e-01 3.744479120e-01 3.831289113e-01 3.892922998e-01 3.928604126e-01
 3.939888477e-01 3.930997550e-01 3.907717168e-01 3.875322044e-01 3.837703764e-01
 8.417990804e-02 7.678213718e-02 7.631194590e-02 7.778222115e-02 7.872730492e-02
 7.930230349e-02 7.963480057e-02 7.982559501e-02 7.994813473e-02 8.005394784e-02
 8.017932627e-02 8.035103229e-02 8.059041949e-02 8.091602474e-02 8.134500679e-02
 8.189366755e-02 8.257752658e-02 8.341120182e-02 8.440834281e-02 8.558173475e-02
 8.694367109e-02 8.850660172e-02 9.028376640e-02 9.228992462e-02 9.454187006e-02
 9.705882518e-02 9.986260530e-02 1.029774398e-01 1.064294279e-01 1.102455855e-01
 1.144527271e-01 1.190760955e-01 1.241382137e-01 1.296579688e-01 1.356503070e-01
 1.421263218e-01 1.490941048e-01 1.565598845e-01 1.645295024e-01 1.730097979e-01
 1.820101291e-01 1.915434003e-01 2.016271949e-01 2.122845203e-01 2.235446125e-01
 2.354436219e-01 2.480253428e-01 2.613417208e-01 2.754532099e-01 2.904278040e-01
 3.063377142e-01 3.232493401e-01 3.411971927e-01 3.601185083e-01 3.796220720e-01
 3.976104259e-01 4.123214185e-01 4.232954085e-01 4.302124381e-01 4.328111112e-01
 4.309315086e-01 4.255475104e-01 4.190516770e-01 4.122334421e-01 4.054689109e-01
 8.820810169e-02 8.118742701e-02 8.098045738e-02 8.282367882e-02 8.410694453e-02
 8.492946622e-02 8.539579810e-02 8.560429513e-02 8.564014730e-02 8.557352422e-02
 8.546083418e-02 8.534725758e-02 8.526945116e-02 8.525786550e-02 8.533847332e-02
 8.553400634e-02 8.586473766e-02 8.634901795e-02 8.700367807e-02 8.784452081e-02
 8.888702093e-02 9.014722703e-02 9.164235738e-02 9.339100124e-02 9.541299939e-02
 9.772939238e-02 1.003623232e-01 1.033348590e-01 1.066706702e-01 1.103934571e-01
 1.145264208e-01 1.190916225e-01 1.241095364e-01 1.295986772e-01 1.355755627e-01
 1.420549452e-01 1.490503252e-01 1.565747112e-01 1.646416783e-01 1.732664555e-01
 1.824671477e-01 1.922660768e-01 2.026911080e-01 2.137773782e-01 2.255690992e-01
 2.381220311e-01 2.515067160e-01 2.658128142e-01 2.811555266e-01 2.976848483e-01
 3.156002462e-01 3.351750076e-01 3.568017483e-01 3.810917437e-01 4.085197151e-01
 4.333542288e-01 4.528661669e-01 4.669393599e-01 4.753122627e-01 4.773111046e-01
 4.726698101e-01 4.607505202e-01 4.479011297e-01 4.362586141e-01 4.258438945e-01
 9.495531021e-02 8.830690387e-02 8.816838264e-02 9.002749620e-02 9.122216700e-02
 9.186169508e-02 9.207526591e-02 9.197894487e-02 9.167055039e-02 9.123003480e-02
 9.072199465e-02 9.019873294e-02 8.970303086e-02 8.927053216e-02 8.893153071e-02
 8.871228993e-02 8.863592151e-02 8.872293682e-02 8.899157497e-02 8.945816752e-02
 9.013811499e-02 9.104896340e-02 9.221104532e-02 9.364733848e-02 9.538093951e-02
 9.743486346e-02 9.983225912e-02 1.025964170e-01 1.057504043e-01 1.093167290e-01
 1.133171320e-01 1.177723110e-01 1.227017939e-01 1.281238795e-01 1.340557486e-01
 1.405137628e-01 1.475138664e-01 1.550723165e-01 1.632063985e-01 1.719354242e-01
 1.812819093e-01 1.912728101e-01 2.019411325e-01 2.133278996e-01 2.254844904e-01
 2.384759933e-01 2.523854673e-01 2.673202157e-01 2.834207118e-01 3.008738458e-01
 3.199334443e-01 3.409521580e-01 3.644314706e-01 3.910895288e-01 4.218836725e-01
 4.532757699e-01 4.777450264e-01 4.951188863e-01 5.055058599e-01 5.088000297e-01
 5.040751696e-01 4.908746779e-01 4.716973901e-01 4.554280043e-01 4.417693317e-01
 1.045735851e-01 9.825209525e-02 9.837710115e-02 9.983126076e-02 1.003817320e-01
 1.003129035e-01 9.982360897e-02 9.905514123e-02 9.810970721e-02 9.706398098e-02
 9.597758204e-02 9.489842506e-02 9.386622906e-02 9.291482717e-02 9.207380566e-02
 9.136959165e-02 9.082601967e-02 9.046445043e-02 9.030311555e-02 9.035529199e-02
 9.062550963e-02 9.113050251e-02 9.189455214e-02 9.295383097e-02 9.433536975e-02
 9.606340529e-02 9.816201031e-02 1.006559878e-01 1.035688743e-01 1.069228798e-01
 1.107390895e-01 1.150373742e-01 1.198364273e-01 1.251538992e-01 1.310065835e-01
 1.374107748e-01 1.443826109e-01 1.519386768e-01 1.600966454e-01 1.688760966e-01
 1.782994717e-01 1.883931905e-01 1.991891116e-01 2.107261270e-01 2.230524272e-01
 2.362281680e-01 2.503291369e-01 2.654516399e-01 2.817189991e-01 2.992905080e-01
 3.183732629e-01 3.392373025e-01 3.622330725e-01 3.878076375e-01 4.165160358e-01
 4.488404989e-01 4.763818384e-01 4.962761998e-01 5.087624192e-01 5.139223337e-01
 5.119607449e-01 5.019294024e-01 4.836802184e-01 4.649270475e-01 4.498556256e-01
 1.195110977e-01 1.142224371e-01 1.131440401e-01 1.127732843e-01 1.116344184e-01
 1.101366952e-01 1.084427610e-01 1.066406146e-01 1.047884673e-01 1.029301807e-01
 1.011016667e-01 9.933401647e-02 9.765524416e-02 9.609139714e-02 9.466733041e-02
 9.340730307e-02 9.233541787e-02 9.147594871e-02 9.085323664e-02 9.049056472e-02
 9.030742942e-02 9.033694120e-02 9.059247377e-02 9.119807182e-02 9.216161817e-02
 9.349914639e-02 9.523248675e-02 9.739500281e-02 1.000107825e-01 1.031010002e-01
 1.066863090e-01 1.107855886e-01 1.154161543e-01 1.205942556e-01 1.263352036e-01
 1.326536983e-01 1.395641416e-01 1.470811516e-01 1.552200168e-01 1.639973074e-01
 1.734315455e-01 1.835440546e-01 1.943598688e-01 2.059088051e-01 2.182267457e-01
 2.313570976e-01 2.453525066e-01 2.602767050e-01 2.762066126e-01 2.932340503e-01
 3.114670813e-01 3.310293853e-01 3.520572782e-01 3.746938109e-01 3.990888894e-01
 4.254577756e-01 4.522819221e-01 4.717384875e-01 4.847646057e-01 4.918569327e-01
 4.927983582e-01 4.880791008e-01 4.769051373e-01 4.607965946e-01 4.478276670e-01
 1.396019757e-01 1.367832720e-01 1.320140362e-01 1.275398731e-01 1.238020957e-01
 1.204179451e-01 1.172424182e-01 1.142148599e-01 1.113103256e-01 1.085215062e-01
 1.058508680e-01 1.033068523e-01 1.009019017e-01 9.865144637e-02 9.657343480e-02
 9.468828140e-02 9.301929177e-02 9.159386159e-02 9.044632317e-02 8.948826043e-02
 8.875060827e-02 8.826845138e-02 8.807872984e-02 8.822523060e-02 8.873645960e-02
 8.962889758e-02 9.090244770e-02 9.267275037e-02 9.494149685e-02 9.772024305e-02
 1.010336876e-01 1.048986390e-01 1.093294620e-01 1.143403575e-01 1.199440881e-01
 1.261523515e-01 1.329763383e-01 1.404269188e-01 1.485149563e-01 1.572516262e-01
 1.666488349e-01 1.767196506e-01 1.874786615e-01 1.989424229e-01 2.111296207e-01
 2.240612656e-01 2.377603948e-01 2.522512674e-01 2.675575614e-01 2.836989760e-01
 3.006848991e-01 3.185034692e-01 3.371021152e-01 3.563528657e-01 3.759838045e-01
 3.954301774e-01 4.135718346e-01 4.289420843e-01 4.406603575e-01 4.484435618e-01
 4.522756934e-01 4.523345828e-01 4.491009414e-01 4.436280429e-01 4.373987317e-01
 1.541142911e-01 1.520626843e-01 1.462061852e-01 1.400248259e-01 1.346059740e-01
 1.297370792e-01 1.252684295e-01 1.211026385e-01 1.171792969e-01 1.134626344e-01
 1.099333540e-01 1.065835505e-01 1.034134701e-01 1.004295126e-01 9.764287622e-02
 9.506870808e-02 9.272536632e-02 9.063370523e-02 8.881541344e-02 8.719225973e-02
 8.581166713e-02 8.471749722e-02 8.395162973e-02 8.355402203e-02 8.356023581e-02
 8.400142938e-02 8.490622041e-02 8.630683276e-02 8.821547033e-02 9.062329678e-02
 9.363365917e-02 9.724174443e-02 1.014508456e-01 1.062775180e-01 1.117306203e-01
 1.178168952e-01 1.245435551e-01 1.319167018e-01 1.399415582e-01 1.486224979e-01
 1.579633802e-01 1.679675728e-01 1.786380112e-01 1.899769306e-01 2.019855380e-01
 2.146630138e-01 2.280052453e-01 2.420025170e-01 2.566361129e-01 2.718731165e-01
 2.876586318e-01 3.039044738e-01 3.204727173e-01 3.371531367e-01 3.536359072e-01
 3.694899380e-01 3.841792643e-01 3.971508741e-01 4.079593122e-01 4.163402617e-01
 4.222203195e-01 4.257101715e-01 4.271009564e-01 4.268368483e-01 4.254233837e-01
 1.638195962e-01 1.619713008e-01 1.560959816e-01 1.493094563e-01 1.430555284e-01
 1.372668445e-01 1.318681538e-01 1.267948151e-01 1.219969168e-01 1.174388454e-01
 1.130973920e-01 1.089595556e-01 1.050206795e-01 1.012829170e-01 9.775400907e-02
 9.444635363e-02 9.137622264e-02 8.856370303e-02 8.593917640e-02 8.354388180e-02
 8.142233643e-02 7.961986959e-02 7.818125930e-02 7.714977863e-02 7.656618206e-02
 7.646813245e-02 7.688992468e-02 7.786206901e-02 7.940893620e-02 8.155006170e-02
 8.430631456e-02 8.767673370e-02 9.163593502e-02 9.627723697e-02 1.015855893e-01
 1.075535640e-01 1.141899005e-01 1.214953884e-01 1.294689327e-01 1.381074339e-01
 1.474061758e-01 1.573588103e-01 1.679571271e-01 1.791905910e-01 1.910455078e-01
 2.035038918e-01 2.165416926e-01 2.301264107e-01 2.442139089e-01 2.587440014e-01
 2.736349404e-01 2.887766659e-01 3.040232062e-01 3.191855252e-01 3.340280950e-01
 3.482735157e-01 3.616209626e-01 3.737783134e-01 3.844997883e-01 3.936167955e-01
 4.010548294e-01 4.068370163e-01 4.110754728e-01 4.139496088e-01 4.156727791e-01
 1.709630340e-01 1.691970378e-01 1.631092131e-01 1.559937596e-01 1.492663473e-01
 1.428966672e-01 1.368472725e-01 1.310807764e-01 1.255647093e-01 1.202736795e-01
 1.151899546e-01 1.103031933e-01 1.056098640e-01 1.011125892e-01 9.681943805e-02
 9.274291989e-02 8.889769760e-02 8.520882578e-02 8.172156660e-02 7.848331334e-02
 7.554312049e-02 7.295072822e-02 7.075559351e-02 6.900597362e-02 6.774800269e-02
 6.702496108e-02 6.687653807e-02 6.733812389e-02 6.843998285e-02 7.020681349e-02
 7.265730944e-02 7.580181959e-02 7.964374126e-02 8.418626338e-02 8.940777925e-02
 9.525708111e-02 1.018303260e-01 1.091010049e-01 1.170622111e-01 1.257018149e-01
 1.350065470e-01 1.449610144e-01 1.555474251e-01 1.667450517e-01 1.785292923e-01
 1.908706575e-01 2.037331164e-01 2.170723379e-01 2.308332324e-01 2.449472398e-01
 2.593292892e-01 2.738747001e-01 2.884566486e-01 3.029251993e-01 3.171089590e-01
 3.308206797e-01 3.438674510e-01 3.560645580e-01 3.672504425e-01 3.772998154e-01
 3.861321807e-01 3.937145770e-01 4.000585079e-01 4.052118361e-01 4.092472196e-01
 1.759725064e-01 1.741828322e-01 1.678993106e-01 1.605759412e-01 1.535520107e-01
 1.467954070e-01 1.402777136e-01 1.339738220e-01 1.278635115e-01 1.219317615e-01
 1.161688790e-01 1.105703488e-01 1.051368937e-01 9.987463057e-02 9.479594231e-02
 8.992184697e-02 8.515822887e-02 8.055071533e-02 7.615007463e-02 7.200999555e-02
 6.818574664e-02 6.473315507e-02 6.170774248e-02 5.916379023e-02 5.715353412e-02
 5.572631584e-02 5.492777376e-02 5.479902777e-02 5.537591873e-02 5.668823424e-02
 5.875897034e-02 6.160351631e-02 6.522919241e-02 6.963474306e-02 7.480768862e-02
 8.072534949e-02 8.736149970e-02 9.465213119e-02 1.026727706e-01 1.113876253e-01
 1.207784638e-01 1.308215409e-01 1.414915323e-01 1.527602374e-01 1.645960659e-01
 1.769630611e-01 1.898197084e-01 2.031177730e-01 2.168007344e-01 2.308023274e-01
 2.450450361e-01 2.594389021e-01 2.738808989e-01 2.882552445e-01 3.024351597e-01
 3.162861168e-01 3.296707272e-01 3.424544036e-01 3.545114994e-01 3.657301962e-01
 3.760161698e-01 3.852941394e-01 3.935080469e-01 4.006200731e-01 4.066096842e-01
 1.788918823e-01 1.769434065e-01 1.707521826e-01 1.633704007e-01 1.562082321e-01
 1.492130906e-01 1.423551440e-01 1.356195807e-01 1.289985329e-01 1.224881411e-01
 1.160876378e-01 1.097990796e-01 1.036272123e-01 9.757919612e-02 9.166398643e-02
 8.589120957e-02 8.019274476e-02 7.463318852e-02 6.927546117e-02 6.418249012e-02
 5.941742657e-02 5.504339936e-02 5.112288891e-02 4.771701245e-02 4.488473012e-02
 4.268199575e-02 4.116092992e-02 4.036895189e-02 4.034793001e-02 4.113337767e-02
 4.275361449e-02 4.522900283e-02 4.857124391e-02 5.278268082e-02 5.785558002e-02
 6.377195567e-02 7.050359249e-02 7.801065593e-02 8.624766767e-02 9.513019028e-02
 1.047172099e-01 1.149623320e-01 1.258374601e-01 1.373086125e-01 1.493405253e-01
 1.618946940e-01 1.749285162e-01 1.883947849e-01 2.022408247e-01 2.164078802e-01
 2.308303416e-01 2.454352677e-01 2.601422369e-01 2.748636305e-01 2.895052433e-01
 3.039675057e-01 3.181467950e-01 3.319367170e-01 3.452288806e-01 3.579130471e-01
 3.698764145e-01 3.810030818e-01 3.911744058e-01 4.002719820e-01 4.081844091e-01
 1.800074279e-01 1.776586622e-01 1.717012822e-01 1.646921485e-01 1.576105654e-01
 1.504925043e-01 1.433671415e-01 1.362516731e-01 1.291578561e-01 1.220951751e-01
 1.150724963e-01 1.080990136e-01 1.011847556e-01 9.434036167e-02 8.757533130e-02
 8.081823585e-02 7.412801686e-02 6.756892799e-02 6.120819229e-02 5.511479825e-02
 4.935868828e-02 4.401001337e-02 3.913838415e-02 3.481204434e-02 3.109705260e-02
 2.805639242e-02 2.574908925e-02 2.422930481e-02 2.354543476e-02 2.373923172e-02
 2.484493700e-02 2.688846743e-02 2.988665365e-02 3.384654230e-02 3.876479348e-02
 4.462723434e-02 5.140849204e-02 5.907169728e-02 6.756849584e-02 7.683780789e-02
 8.681210877e-02 9.738289563e-02 1.086053253e-01 1.204233840e-01 1.328049153e-01
 1.457117647e-01 1.591023952e-01 1.729330420e-01 1.871575415e-01 2.017270029e-01
 2.165893912e-01 2.316893637e-01 2.469681054e-01 2.623632848e-01 2.778089642e-01
 2.932351828e-01 3.085671365e-01 3.237233758e-01 3.386126161e-01 3.531289399e-01
 3.671451211e-01 3.805054426e-01 3.930199743e-01 4.044660330e-01 4.146021307e-01
 1.810050309e-01 1.783275157e-01 1.724784225e-01 1.655470878e-01 1.584021151e-01
 1.510931850e-01 1.436658651e-01 1.361513138e-01 1.285719126e-01 1.209453866e-01
 1.132871658e-01 1.056121513e-01 9.793650356e-02 9.028067440e-02 8.254571258e-02
 7.479145376e-02 6.708407403e-02 5.949416013e-02 5.209540202e-02 4.496354979e-02
 3.817555311e-02 3.180874139e-02 2.593998051e-02 2.064484733e-02 1.599672067e-02
 1.206587435e-02 8.918539679e-03 6.615945604e-03 5.213373835e-03 4.759215750e-03
 5.294062168e-03 6.849835219e-03 9.448973404e-03 1.310369564e-02 1.781535521e-02
 2.357389225e-02 3.035740374e-02 3.813182184e-02 4.685070738e-02 5.645517257e-02
 6.687419119e-02 7.802377643e-02 8.981442454e-02 1.021128595e-01 1.149967611e-01
 1.284185499e-01 1.423338651e-01 1.567029655e-01 1.714875102e-01 1.866496503e-01
 2.021517158e-01 2.179563045e-01 2.340262234e-01 2.503245771e-01 2.668143809e-01
 2.834579051e-01 3.002147376e-01 3.170388341e-01 3.338727653e-01 3.506384194e-01
 3.672226965e-01 3.834553361e-01 3.990794719e-01 4.137220085e-01 4.268971086e-01
 1.826263071e-01 1.797904224e-01 1.737117767e-01 1.664719135e-01 1.590222865e-01
 1.513776630e-01 1.435568183e-01 1.355803907e-01 1.274681538e-01 1.192381010e-01
 1.109065637e-01 1.024880707e-01 9.399444611e-02 8.543133734e-02 7.672979684e-02
 6.796900184e-02 5.922744049e-02 5.058491977e-02 4.212303090e-02 3.392495212e-02
 2.607491988e-02 1.865754646e-02 1.175704226e-02 5.456363782e-03-1.636958332e-04
-5.025458464e-03-9.055344359e-03-1.218487136e-02-1.435165849e-02-1.550042539e-02
-1.558395475e-02-1.456402062e-02-1.241225476e-02-9.110939718e-03-4.653711338e-03
 9.538387239e-04 7.693679072e-03 1.553496433e-02 2.443378983e-02 3.433304655e-02
 4.516237235e-02 5.683805418e-02 6.926293677e-02 8.232405785e-02 9.589715302e-02
 1.100067869e-01 1.246011779e-01 1.396559328e-01 1.551442146e-01 1.710401774e-01
 1.873205155e-01 2.039654851e-01 2.209595293e-01 2.382918745e-01 2.559569478e-01
 2.739543915e-01 2.922885716e-01 3.109667599e-01 3.299952149e-01 3.493716717e-01
 3.690704703e-01 3.890145123e-01 4.090172648e-01 4.286412001e-01 4.468489885e-01
 1.844078005e-01 1.814118773e-01 1.749439091e-01 1.673950255e-01 1.595904827e-01
 1.515375078e-01 1.432510316e-01 1.347482205e-01 1.260469258e-01 1.171646193e-01
 1.081182510e-01 9.892494977e-02 8.960400519e-02 8.005647361e-02 7.034900786e-02
 6.055756660e-02 5.076352133e-02 4.105189440e-02 3.151044248e-02 2.222892268e-02
 1.329838863e-02 4.810445418e-03-3.143565002e-03-1.047344791e-02-1.709109920e-02
-2.291148907e-02-2.785370132e-02-3.184197476e-02-3.480677312e-02-3.668582445e-02
-3.742516416e-02-3.698010743e-02-3.531617674e-02-3.240995857e-02-2.824985055e-02
-2.283671126e-02-1.618438403e-02-8.320085675e-03 7.153478218e-04 1.086738330e-02
 2.206788218e-02 3.423540673e-02 4.727587104e-02 6.108372658e-02 7.554485646e-02
 9.054124352e-02 1.059145108e-01 1.217619925e-01 1.380563378e-01 1.547780931e-01
 1.719151139e-01 1.894629747e-01 2.074258625e-01 2.258177102e-01 2.446638942e-01
 2.640030980e-01 2.838896513e-01 3.043959439e-01 3.256154359e-01 3.476655483e-01
 3.706909120e-01 3.948664963e-01 4.204002917e-01 4.475073218e-01 4.748883844e-01
 1.861234308e-01 1.829339266e-01 1.763290018e-01 1.684576422e-01 1.602543593e-01
 1.517353952e-01 1.429197043e-01 1.338272989e-01 1.244773194e-01 1.148869321e-01
 1.050708964e-01 9.504162523e-02 8.480969071e-02 7.429634032e-02 6.358428298e-02
 5.275874956e-02 4.190802573e-02 3.112333827e-02 2.049854399e-02 1.012959707e-02
 1.139298838e-04-9.450276353e-03-1.846491918e-02-2.683288045e-02-3.445900598e-02
-4.125113040e-02-4.712117088e-02-5.198621744e-02-5.576966330e-02-5.840230736e-02
-5.982346457e-02-5.998197943e-02-5.883724990e-02-5.636010319e-02-5.253362656e-02
-4.735384876e-02-4.083030674e-02-3.298644724e-02-2.385989387e-02-1.350250182e-02
-1.980250410e-03 1.062709841e-02 2.422655007e-02 3.871264678e-02 5.396832526e-02
 6.986531615e-02 8.626262093e-02 1.030122936e-01 1.201931611e-01 1.377943605e-01
 1.558141112e-01 1.742606759e-01 1.931539476e-01 2.125273943e-01 2.324310094e-01
 2.529350221e-01 2.741351426e-01 2.961595952e-01 3.191789389e-01 3.434201181e-01
 3.691874743e-01 3.968962729e-01 4.271330237e-01 4.607826472e-01 4.960963727e-01
 1.883275360e-01 1.849730760e-01 1.781205832e-01 1.698776930e-01 1.612080932e-01
 1.521452516e-01 1.427221895e-01 1.329684406e-01 1.229077354e-01 1.125577464e-01
 1.019302383e-01 9.103068712e-02 7.985574006e-02 6.836406888e-02 5.664473775e-02
 4.478823766e-02 3.288773444e-02 2.103934808e-02 9.342012941e-03-2.102951112e-03
-1.319243939e-02-2.382231125e-02-3.388823193e-02-4.328663272e-02-5.191570515e-02
-5.967651674e-02-6.647411728e-02-7.221873102e-02-7.682690030e-02-8.022271842e-02
-8.233892175e-02-8.311805880e-02-8.251349622e-02-8.049042520e-02-7.702669501e-02
-7.211358842e-02-6.575638795e-02-5.797487497e-02-4.880355677e-02-3.829179337e-02
-2.650368214e-02-1.351774391e-02 5.735779996e-04 1.566462585e-02 3.163739300e-02
 4.836253822e-02 6.570062792e-02 8.350438628e-02 1.016209870e-01 1.201186627e-01
 1.390028298e-01 1.582898200e-01 1.780085862e-01 1.982030570e-01 2.189354003e-01
 2.402906567e-01 2.623830438e-01 2.853648364e-01 3.094386756e-01 3.348749578e-01
 3.620362580e-01 3.914088905e-01 4.236389101e-01 4.595534206e-01 4.982333779e-01
 1.914977432e-01 1.880512089e-01 1.806737483e-01 1.719464213e-01 1.626718342e-01
 1.529285907e-01 1.427829117e-01 1.322785616e-01 1.214424595e-01 1.102905273e-01
 9.883213042e-02 8.707401900e-02 7.492014763e-02 6.244286896e-02 4.972462356e-02
 3.685462099e-02 2.392735892e-02 1.104171576e-02-1.699712710e-03-1.419130155e-02
-2.632513264e-02-3.799182552e-02-4.908145225e-02-5.948454890e-02-6.909317520e-02
-7.780209178e-02-8.550991118e-02-9.212037918e-02-9.754356736e-02-1.016971543e-01
-1.045076474e-01-1.059115380e-01-1.058564558e-01-1.043021679e-01-1.012215316e-01
-9.660128498e-02-9.044270215e-02-8.276210728e-02-7.359115785e-02-6.297700104e-02
-5.098220328e-02-3.768442565e-02-2.317595674e-02-7.562984189e-03 9.035351628e-03
 2.648814025e-02 4.465416074e-02 6.338369107e-02 8.252052957e-02 1.019042357e-01
 1.216045470e-01 1.416405290e-01 1.620427668e-01 1.828549355e-01 2.041365654e-01
 2.259669304e-01 2.484500855e-01 2.717219592e-01 2.959600091e-01 3.213972747e-01
 3.483430446e-01 3.772147298e-01 4.085882604e-01 4.432729781e-01 4.806523025e-01
 1.956509352e-01 1.921281517e-01 1.846170425e-01 1.750538498e-01 1.648090035e-01
 1.541393697e-01 1.431174428e-01 1.317692250e-01 1.201025471e-01 1.081160233e-01
 9.580279140e-02 8.315264435e-02 7.007837294e-02 5.666128545e-02 4.298753290e-02
 2.914856932e-02 1.524102406e-02 1.366322831e-03-1.236985993e-02-2.585827559e-02
-3.898688036e-02-5.164171386e-02-6.370789559e-02-7.507064936e-02-8.561648430e-02
-9.523437172e-02-1.038170382e-01-1.112621948e-01-1.174739375e-01-1.223639696e-01
-1.258529722e-01-1.278717964e-01-1.283627004e-01-1.272803843e-01-1.245930641e-01
-1.202832535e-01-1.143485531e-01-1.068021431e-01-9.767319268e-02-8.700699359e-02
-7.486496869e-02-6.132437295e-02-4.647785058e-02-3.043273280e-02-1.331008784e-02
 4.756440932e-03 2.362206206e-02 4.313251370e-02 6.312598285e-02 8.343523735e-02
 1.038899347e-01 1.245738715e-01 1.455145628e-01 1.667462588e-01 1.883134395e-01
 2.102729380e-01 2.326960712e-01 2.556707859e-01 2.793044448e-01 3.037268221e-01
 3.290941716e-01 3.555957377e-01 3.834711910e-01 4.130877554e-01 4.444277584e-01
 2.031172961e-01 2.004527450e-01 1.906663626e-01 1.789290458e-01 1.672718525e-01
 1.555016935e-01 1.435340047e-01 1.313220709e-01 1.188323870e-01 1.060357541e-01
 9.290238471e-02 7.939646396e-02 6.545404342e-02 5.115722863e-02 3.659257664e-02
 2.185218410e-02 7.033863134e-03-7.759159460e-03-2.241879140e-02-3.683279452e-02
-5.088561027e-02-6.445932391e-02-7.743466647e-02-8.969219771e-02-1.011134386e-01
-1.115821824e-01-1.209857911e-01-1.292165816e-01-1.361731589e-01-1.417618096e-01
-1.458979249e-01-1.485071778e-01-1.495269239e-01-1.489072740e-01-1.466121971e-01
-1.426204293e-01-1.369262636e-01-1.295401305e-01-1.204890758e-01-1.098169311e-01
-9.758434442e-02-8.386862275e-02-6.876323366e-02-5.237722019e-02-3.483431038e-02
-1.627182402e-02 3.160644730e-03 2.330276559e-02 4.398527741e-02 6.503213194e-02
 8.626329896e-02 1.074989512e-01 1.288593858e-01 1.503577978e-01 1.720162332e-01
 1.938623934e-01 2.159272433e-01 2.382421792e-01 2.608343363e-01 2.837183177e-01
 3.068809212e-01 3.302510083e-01 3.536363840e-01 3.765851856e-01 3.981563746e-01
 2.076245844e-01 2.050787061e-01 1.943359673e-01 1.816769987e-01 1.690897346e-01
 1.564579159e-01 1.436951012e-01 1.307346224e-01 1.175240352e-01 1.040207446e-01
 9.019012749e-02 7.587916407e-02 6.114266068e-02 4.605084661e-02 3.068499826e-02
 1.513526496e-02-5.006513384e-04-1.611847433e-02-3.160824624e-02-4.685522988e-02
-6.174086779e-02-7.614379375e-02-8.994095773e-02-1.030087769e-01-1.152244136e-01
-1.264670938e-01-1.366194487e-01-1.455689967e-01-1.532095075e-01-1.594424397e-01
-1.641784608e-01-1.673386842e-01-1.688560843e-01-1.686767190e-01-1.667607873e-01
-1.630837023e-01-1.576368659e-01-1.504283697e-01-1.414834857e-01-1.308449208e-01
-1.185728908e-01-1.047450230e-01-8.945593238e-02-7.281670719e-02-5.495409298e-02
-3.600953153e-02-1.613803202e-02 4.493078624e-03 2.570543435e-02 4.731072855e-02
 6.911122793e-02 9.089875218e-02 1.126267165e-01 1.343087554e-01 1.559556424e-01
 1.775739192e-01 1.991634369e-01 2.207133621e-01 2.421956807e-01 2.635553181e-01
 2.846953273e-01 3.054553569e-01 3.255841135e-01 3.447142840e-01 3.623665273e-01
 2.092245668e-01 2.065519988e-01 1.959864497e-01 1.829379499e-01 1.698530615e-01
 1.566835940e-01 1.433683186e-01 1.298481226e-01 1.160686761e-01 1.019805968e-01
 8.753844352e-02 7.259022444e-02 5.719994384e-02 4.144089295e-02 2.539557588e-02
 9.155065738e-03-7.181761321e-03-2.350907213e-02-3.971494731e-02-5.568229777e-02
-7.128985973e-02-8.641324194e-02-1.009260789e-01-1.147012413e-01-1.276121140e-01
-1.395339966e-01-1.503454894e-01-1.599299311e-01-1.681769639e-01-1.749838888e-01
-1.802573055e-01-1.839143932e-01-1.858843714e-01-1.861097813e-01-1.845476031e-01
-1.811704039e-01-1.759671271e-01-1.689439118e-01-1.601245552e-01-1.495508850e-01
-1.372829079e-01-1.233986765e-01-1.079940125e-01-9.118200839e-02-7.309227431e-02
-5.387007451e-02-3.367521244e-02-1.268083608e-02 8.927920862e-03 3.095540212e-02
 5.319705603e-02 7.544151699e-02 9.747391197e-02 1.192867607e-01 1.408837437e-01
 1.622579097e-01 1.833911836e-01 2.042513192e-01 2.247872651e-01 2.449231297e-01
 2.645510136e-01 2.835238575e-01 3.016507029e-01 3.186990321e-01 3.344093264e-01
 2.097930461e-01 2.070279717e-01 1.962068528e-01 1.829454601e-01 1.696119905e-01
 1.561547517e-01 1.425162256e-01 1.286394596e-01 1.144704670e-01 9.995841238e-02
 8.505479989e-02 6.962198763e-02 5.372633788e-02 3.744358943e-02 2.085842007e-02
 4.063878194e-03-1.283924095e-02-2.974312569e-02-4.653374851e-02-6.309175488e-02
-7.929342985e-02-9.501173350e-02-1.101174802e-01-1.244805604e-01-1.379712224e-01
-1.504615247e-01-1.618266851e-01-1.719466597e-01-1.807076484e-01-1.880035698e-01
-1.937376261e-01-1.978237629e-01-2.001880854e-01-2.007702291e-01-1.995245516e-01
-1.964211911e-01-1.914471239e-01-1.846068055e-01-1.759228856e-01-1.654364615e-01
-1.532073617e-01-1.393140554e-01-1.238534003e-01-1.069401800e-01-8.870641890e-02
-6.930052489e-02-4.888623575e-02-2.764137281e-02-5.756493192e-03 1.656670499e-02
 3.911714253e-02 6.167650971e-02 8.402200040e-02 1.059301495e-01 1.274787336e-01
 1.486486495e-01 1.694136560e-01 1.897356957e-01 2.095615119e-01 2.288197726e-01
 2.474189997e-01 2.652466297e-01 2.821707129e-01 2.980452777e-01 3.127201498e-01
 2.090993822e-01 2.062225640e-01 1.951226443e-01 1.818314344e-01 1.684773863e-01
 1.549653858e-01 1.412227005e-01 1.271894574e-01 1.128136963e-01 9.804755451e-02
 8.284468204e-02 6.708486378e-02 5.083800855e-02 3.418304028e-02 1.720742325e-02
 6.680551451e-06-1.731614579e-02-3.465112670e-02-5.188217013e-02-6.888784467e-02
-8.554232123e-02-1.017163768e-01-1.172785536e-01-1.320963651e-01-1.460376233e-01
-1.589718461e-01-1.707716733e-01-1.813144535e-01-1.904837191e-01-1.981707364e-01
-2.042761445e-01-2.087113559e-01-2.114000618e-01-2.122796178e-01-2.113022953e-01
-2.084363699e-01-2.036671936e-01-1.969979256e-01-1.884501874e-01-1.780644804e-01
-1.659004390e-01-1.520367414e-01-1.365709304e-01-1.196190268e-01-1.013147756e-01
-8.180889481e-02-6.126798686e-02-3.987338772e-02-1.781981246e-02 4.686055268e-03
 2.742697109e-02 5.017634109e-02 7.269871983e-02 9.474835548e-02 1.162880212e-01
 1.373175532e-01 1.578190624e-01 1.777604222e-01 1.970961094e-01 2.157674879e-01
 2.337032259e-01 2.508206665e-01 2.670286298e-01 2.822319865e-01 2.963377238e-01
 2.062692344e-01 2.031028867e-01 1.925196648e-01 1.796253473e-01 1.665977538e-01
 1.532989889e-01 1.396663785e-01 1.256599426e-01 1.112439931e-01 9.638208152e-02
 8.103545007e-02 6.510206315e-02 4.865667966e-02 3.178202359e-02 1.456864455e-02
-2.885367940e-03-2.047478220e-02-3.808773312e-02-5.560635775e-02-7.290755212e-02
-8.986385164e-02-1.063444242e-01-1.222161874e-01-1.373449862e-01-1.515969634e-01
-1.648398936e-01-1.769446433e-01-1.877867728e-01-1.972479969e-01-2.052178085e-01
-2.115950137e-01-2.162892967e-01-2.192226499e-01-2.203308195e-01-2.195645422e-01
-2.168907672e-01-2.122935951e-01-2.057751715e-01-1.973563135e-01-1.870769262e-01
-1.749962866e-01-1.611930728e-01-1.457650810e-01-1.288288832e-01-1.105191708e-01
-9.098790583e-02-7.040331513e-02-4.894867534e-02-2.682093155e-02-4.229175829e-03
 1.860708743e-02 4.145992550e-02 6.409551209e-02 8.627788720e-02 1.077760755e-01
 1.286959053e-01 1.490149646e-01 1.687036455e-01 1.877234280e-01 2.060266733e-01
 2.235574722e-01 2.402533144e-01 2.560476661e-01 2.708734870e-01 2.846674919e-01
 2.013523429e-01 1.973302811e-01 1.883629560e-01 1.768307984e-01 1.644554287e-01
 1.515359729e-01 1.381399780e-01 1.242800430e-01 1.099464744e-01 9.511749446e-02
 7.976328580e-02 6.379690018e-02 4.729746652e-02 3.035103342e-02 1.305072193e-02
-4.503334872e-03-2.220423330e-02-3.993871433e-02-5.758771673e-02-7.502708583e-02
-9.212838860e-02-1.087599024e-01-1.247876584e-01-1.400766671e-01-1.544921845e-01
-1.679011285e-01-1.801735014e-01-1.911839247e-01-2.008131891e-01-2.089498639e-01
-2.154918164e-01-2.203477323e-01-2.234386951e-01-2.246994972e-01-2.240799814e-01
-2.215462327e-01-2.170815319e-01-2.106872797e-01-2.023835927e-01-1.922098398e-01
-1.802247912e-01-1.665067375e-01-1.511532813e-01-1.342808455e-01-1.160241514e-01
-9.653534746e-02-7.598296559e-02-5.455075199e-02-3.243626285e-02-9.849352791e-03
 1.298948942e-02 3.585094953e-02 5.849874395e-02 8.069140470e-02 1.021833643e-01
 1.230381354e-01 1.432451010e-01 1.627829522e-01 1.816207468e-01 1.997189820e-01
 2.170310467e-01 2.335051298e-01 2.490867227e-01 2.637216449e-01 2.773594856e-01
 2.000787109e-01 1.962826550e-01 1.866782308e-01 1.750013531e-01 1.628220081e-01
 1.501345932e-01 1.369507015e-01 1.232733727e-01 1.090939567e-01 9.439389409e-02
 7.914667578e-02 6.327274440e-02 4.685316981e-02 2.997557077e-02 1.273432278e-02
-4.769457024e-03-2.242812327e-02-4.012786971e-02-5.774925651e-02-7.516787946e-02
-9.225515277e-02-1.088792905e-01-1.249063089e-01-1.402012408e-01-1.546293944e-01
-1.680577099e-01-1.803562492e-01-1.913996339e-01-2.010686845e-01-2.092518955e-01
-2.158470303e-01-2.207626998e-01-2.239197642e-01-2.252527922e-01-2.247113287e-01
-2.222611159e-01-2.178850174e-01-2.115839571e-01-2.033775598e-01-1.933045834e-01
-1.814231723e-01-1.678109169e-01-1.525646299e-01-1.357999593e-01-1.176507324e-01
-9.826815123e-02-7.781976461e-02-5.648825690e-02-3.447009993e-02-1.197405718e-02
 1.078044251e-02 3.356499964e-02 5.614400649e-02 7.827647030e-02 9.971788520e-02
 1.205087304e-01 1.406431943e-01 1.601042151e-01 1.788643598e-01 1.968870759e-01
 2.141280621e-01 2.305371463e-01 2.460608631e-01 2.606454789e-01 2.742405534e-01
 1.988217681e-01 1.950502097e-01 1.854951829e-01 1.738405675e-01 1.617554128e-01
 1.492240578e-01 1.362300664e-01 1.227575988e-01 1.087880358e-01 9.429835530e-02
 7.926057278e-02 6.359434128e-02 4.738001527e-02 3.070485036e-02 1.366296317e-02
-3.644803277e-03-2.111115307e-02-3.862272949e-02-5.606065691e-02-7.330118118e-02
-9.021649510e-02-1.066756397e-01-1.225455403e-01-1.376921684e-01-1.519818306e-01
-1.652824581e-01-1.774650961e-01-1.884053647e-01-1.979849637e-01-2.060932815e-01
-2.126288712e-01-2.175010443e-01-2.206312567e-01-2.219545543e-01-2.214208096e-01
-2.189959288e-01-2.146628201e-01-2.084222138e-01-2.002933920e-01-1.903145314e-01
-1.785430163e-01-1.650554388e-01-1.499473751e-01-1.333329677e-01-1.153443158e-01
-9.613060212e-02-7.585708055e-02-5.470386523e-02-3.286458552e-02-1.054488408e-02
 1.203916600e-02 3.466270486e-02 5.709376556e-02 7.909492397e-02 1.004249304e-01
 1.211353765e-01 1.412215829e-01 1.606669129e-01 1.794433296e-01 1.975118816e-01
 2.148236036e-01 2.313210368e-01 2.469406277e-01 2.616162300e-01 2.752836645e-01
 1.980082989e-01 1.943236590e-01 1.845359206e-01 1.729841232e-01 1.610553264e-01
 1.487204134e-01 1.359568089e-01 1.227412894e-01 1.090493798e-01 9.485441446e-02
 8.012671769e-02 6.477918476e-02 4.889019206e-02 3.254538401e-02 1.583748310e-02
-1.134015984e-03-1.826317793e-02-3.543806821e-02-5.254131184e-02-6.945075095e-02
-8.604026587e-02-1.021806598e-01-1.177406981e-01-1.325882524e-01-1.465915442e-01
-1.596204788e-01-1.715480089e-01-1.822516918e-01-1.916150749e-01-1.995293349e-01
-2.058946788e-01-2.106219530e-01-2.136339843e-01-2.148669958e-01-2.142718434e-01
-2.118151337e-01-2.074802220e-01-2.012680173e-01-1.931976527e-01-1.833068133e-01
-1.716520190e-01-1.583086401e-01-1.433705986e-01-1.269499957e-01-1.091763973e-01
-9.019601351e-02-7.017062604e-02-4.927635560e-02-2.770230363e-02-5.649020488e-03
 1.667311226e-02 3.904557225e-02 6.124337387e-02 8.303645998e-02 1.041900739e-01
 1.248005182e-01 1.448617280e-01 1.643555016e-01 1.832509786e-01 2.015036643e-01
 2.190546393e-01 2.358305752e-01 2.517452538e-01 2.667034566e-01 2.806077301e-01
 1.966419220e-01 1.930100023e-01 1.836448461e-01 1.722883135e-01 1.605897248e-01
 1.485240161e-01 1.360628903e-01 1.231791079e-01 1.098459512e-01 9.603596477e-02
 8.171983062e-02 6.679975240e-02 5.135198683e-02 3.546014427e-02 1.921484806e-02
 2.713464906e-03-1.394027564e-02-3.063672781e-02-4.726089536e-02-6.369311363e-02
-7.980981469e-02-9.548448771e-02-1.105886400e-01-1.249929518e-01-1.385685057e-01
-1.511880457e-01-1.627274454e-01-1.730670482e-01-1.820931882e-01-1.896996647e-01
-1.957892328e-01-2.002750784e-01-2.030821591e-01-2.041485757e-01-2.034267783e-01
-2.008846402e-01-1.965064555e-01-1.902936548e-01-1.822654456e-01-1.724591852e-01
-1.609305590e-01-1.477535516e-01-1.330202073e-01-1.168400869e-01-9.933969381e-02
-8.066146824e-02-6.096274778e-02-4.041451594e-02-1.919994873e-02 2.487129968e-03
 2.444398217e-02 4.646091902e-02 6.832380596e-02 8.981799331e-02 1.107361316e-01
 1.312341094e-01 1.513009221e-01 1.709183902e-01 1.900561303e-01 2.086670250e-01
 2.266826779e-01 2.440091371e-01 2.605241239e-01 2.760790288e-01 2.905083894e-01
 1.953865737e-01 1.918507218e-01 1.826865524e-01 1.716120243e-01 1.602473706e-01
 1.485474556e-01 1.364770233e-01 1.240090057e-01 1.111195088e-01 9.778457134e-02
 8.397848160e-02 6.959009916e-02 5.469395591e-02 3.937134147e-02 2.371023968e-02
 7.805194698e-03-8.243021548e-03-2.432783134e-02-4.033742099e-02-5.615540967e-02
-7.166164370e-02-8.673308790e-02-1.012448594e-01-1.150713042e-01-1.280872077e-01
-1.401690841e-01-1.511965096e-01-1.610535383e-01-1.696301103e-01-1.768235266e-01
-1.825398654e-01-1.866953969e-01-1.892179698e-01-1.900482476e-01-1.891408861e-01
-1.864655912e-01-1.820080578e-01-1.757706403e-01-1.677729636e-01-1.580522209e-01
-1.466633827e-01-1.336790920e-01-1.191893369e-01-1.033010185e-01-8.613713091e-02
-6.783587486e-02-4.854949185e-02-2.844299184e-02-7.692678861e-03 1.351533734e-02
 3.498660779e-02 5.651947108e-02 7.790522277e-02 9.892575449e-02 1.196200475e-01
 1.400145293e-01 1.601204276e-01 1.799370349e-01 1.994498372e-01 2.186253369e-01
 2.374021858e-01 2.556779683e-01 2.732921541e-01 2.900106013e-01 3.055287004e-01
 1.939136982e-01 1.904552579e-01 1.813832372e-01 1.708287895e-01 1.599702686e-01
 1.487473696e-01 1.371504069e-01 1.251716018e-01 1.127994731e-01 1.000188887e-01
 8.681127429e-02 7.305072249e-02 5.880919473e-02 4.416452348e-02 2.920106611e-02
 1.400970667e-02-1.312482629e-03-1.666270384e-02-3.193302083e-02-4.701105875e-02
-6.178078058e-02-7.612340152e-02-8.991837500e-02-1.030444875e-01-1.153810322e-01
-1.268090308e-01-1.372125894e-01-1.464802474e-01-1.545063406e-01-1.611924022e-01
-1.664485931e-01-1.701950282e-01-1.723630726e-01-1.728965938e-01-1.717530638e-01
-1.689045876e-01-1.643386930e-01-1.580591052e-01-1.500862092e-01-1.404573619e-01
-1.292270422e-01-1.164666713e-01-1.022643149e-01-8.672413969e-02-6.996561587e-02
-5.212249228e-02-3.334163129e-02-1.378153643e-02 6.389227725e-03 2.699388374e-02
 4.784950981e-02 6.876952204e-02 8.956692365e-02 1.100595295e-01 1.304110885e-01
 1.506371647e-01 1.707587242e-01 1.907972991e-01 2.107709944e-01 2.306888849e-01
 2.505412698e-01 2.702807188e-01 2.897824049e-01 3.087569773e-01 3.266058266e-01
 1.915002763e-01 1.879309118e-01 1.800341159e-01 1.702434719e-01 1.599075198e-01
 1.491659433e-01 1.380620897e-01 1.266072988e-01 1.147996634e-01 1.026311517e-01
 9.009198846e-02 7.704820483e-02 6.355843694e-02 4.969342797e-02 3.553257509e-02
 2.116240746e-02 6.675782162e-03-7.828789749e-03-2.224778941e-02-3.647339717e-02
-5.039430407e-02-6.389658155e-02-7.686467470e-02-8.918246627e-02-1.007344127e-01
-1.114067584e-01-1.210888326e-01-1.296743155e-01-1.370626390e-01-1.431602538e-01
-1.478820443e-01-1.511526107e-01-1.529074460e-01-1.530942321e-01-1.516737789e-01
-1.486210525e-01-1.439259648e-01-1.375940293e-01-1.296467632e-01-1.201220527e-01
-1.090741679e-01-9.657364339e-02-8.270686868e-02-6.757555902e-02-5.129586905e-02
-3.399740160e-02-1.582189644e-02 3.078263253e-03 2.254174656e-02 4.240019989e-02
 6.248036021e-02 8.260631558e-02 1.026018783e-01 1.225497276e-01 1.424871087e-01
 1.624542922e-01 1.824986935e-01 2.026769817e-01 2.230568975e-01 2.437190860e-01
 2.647593618e-01 2.862927020e-01 3.084642887e-01 3.314986527e-01 3.553764820e-01
 1.913853288e-01 1.882832944e-01 1.801301092e-01 1.702468544e-01 1.601414084e-01
 1.497773826e-01 1.391396820e-01 1.282183528e-01 1.170021594e-01 1.054767072e-01
 9.362307937e-02 8.141424505e-02 6.877779960e-02 5.578907581e-02 4.252657293e-02
 2.907378226e-02 1.551958268e-02 1.958043562e-03-1.151205692e-02-2.478788045e-02
-3.776328635e-02-5.032971132e-02-6.237711009e-02-7.379499820e-02-8.447356522e-02
-9.430483729e-02-1.031839326e-01-1.110102832e-01-1.176889464e-01-1.231319084e-01
-1.272593140e-01-1.300007552e-01-1.312964261e-01-1.310982704e-01-1.293709725e-01
-1.260927916e-01-1.212564632e-01-1.148696541e-01-1.069554612e-01-9.755265710e-02
-8.671569824e-02-7.451459768e-02-6.103448567e-02-4.637506607e-02-3.064973469e-02
-1.398453212e-02 3.483169712e-03 2.160620689e-02 4.022939509e-02 5.919150641e-02
 7.832740989e-02 9.747035804e-02 1.166588292e-01 1.359201223e-01 1.552927047e-01
 1.748274714e-01 1.945906878e-01 2.146683037e-01 2.351718396e-01 2.562467158e-01
 2.780846358e-01 3.009426594e-01 3.251743913e-01 3.512769938e-01 3.788432777e-01
 1.906876862e-01 1.878434569e-01 1.797409207e-01 1.700878292e-01 1.603000164e-01
 1.503465474e-01 1.402053535e-01 1.298566461e-01 1.192821339e-01 1.084646359e-01
 9.738822281e-02 8.603998274e-02 7.431731374e-02 6.227860226e-02 4.999336600e-02
 3.753890842e-02 2.499880643e-02 1.246201900e-02 2.213771222e-05-1.222334894e-02
-2.417385206e-02-3.572653978e-02-4.677728564e-02-5.722166224e-02-6.695602833e-02
-7.587863503e-02-8.389084038e-02-9.089828283e-02-9.681213649e-02-1.015503034e-01
-1.050386727e-01-1.072122678e-01-1.080163792e-01-1.074076369e-01-1.053549200e-01
-1.018402502e-01-9.685946256e-02-9.042277926e-02-8.255521208e-02-7.329677785e-02
-6.270249936e-02-5.084225538e-02-3.780040517e-02-2.367517725e-02-8.577868313e-03
 7.368197228e-03 2.402895881e-02 4.126117757e-02 5.891431120e-02 7.683258498e-02
 9.485720843e-02 1.130036414e-01 1.312832534e-01 1.497188658e-01 1.683464944e-01
 1.872178912e-01 2.064043432e-01 2.260019630e-01 2.461392433e-01 2.669874131e-01
 2.887743711e-01 3.118025363e-01 3.364673853e-01 3.632668256e-01 3.915821910e-01
 1.890191585e-01 1.863473356e-01 1.787339300e-01 1.694378406e-01 1.600695550e-01
 1.506138444e-01 1.410450190e-01 1.313377172e-01 1.214685813e-01 1.114167869e-01
 1.011635289e-01 9.069073202e-02 7.997767626e-02 6.896696985e-02 5.773011594e-02
 4.634208978e-02 3.488248959e-02 2.343554235e-02 1.208969577e-02 9.369666222e-04
-9.927797117e-03-2.040774746e-02-3.040493838e-02-3.982130066e-02-4.855966941e-02
-5.652486160e-02-6.362479183e-02-6.977164744e-02-7.488302140e-02-7.888308911e-02
-8.170378207e-02-8.328585327e-02-8.357999477e-02-8.254778387e-02-8.016261458e-02
-7.641046494e-02-7.129058987e-02-6.481600550e-02-5.701389536e-02-4.792578894e-02
-3.760758045e-02-2.612936869e-02-1.357509848e-02-4.201920819e-05 1.436005061e-02
 2.950964303e-02 4.527477175e-02 6.151432919e-02 7.808039340e-02 9.482052916e-02
 1.117483824e-01 1.288561523e-01 1.461457014e-01 1.636298746e-01 1.813341230e-01
 1.992989481e-01 2.175831497e-01 2.362685055e-01 2.554662227e-01 2.753260732e-01
 2.960496843e-01 3.179102242e-01 3.412835896e-01 3.667058647e-01 3.929814398e-01
 1.868082732e-01 1.843351871e-01 1.769352406e-01 1.680537015e-01 1.592112630e-01
 1.503647864e-01 1.414727867e-01 1.324995160e-01 1.234163418e-01 1.142012179e-01
 1.048377603e-01 9.531475604e-02 8.562710137e-02 7.568465173e-02 6.554351003e-02
 5.527043717e-02 4.493911563e-02 3.462843224e-02 2.442144416e-02 1.440456510e-02
 4.666777793e-03-4.701195765e-03-1.360776740e-02-2.196140961e-02-2.967163734e-02
-3.665003179e-02-4.281130063e-02-4.807436097e-02-5.236345160e-02-5.560920761e-02
-5.774977428e-02-5.873182415e-02-5.851158497e-02-5.705575646e-02-5.434236676e-02
-5.036150658e-02-4.511595887e-02-3.862168640e-02-3.090817673e-02-2.201862258e-02
-1.200994017e-02-9.526130161e-04 1.106963400e-02 2.396033326e-02 3.761091450e-02
 5.190138140e-02 6.670110667e-02 8.186770979e-02 9.725292775e-02 1.128888205e-01
 1.287481785e-01 1.448114812e-01 1.610673517e-01 1.775132269e-01 1.941564530e-01
 2.110155225e-01 2.281219065e-01 2.455220968e-01 2.632804215e-01 2.814826667e-01
 3.002413511e-01 3.197053671e-01 3.400809467e-01 3.616831601e-01 3.837961853e-01
 1.833516657e-01 1.810092330e-01 1.739172190e-01 1.656195521e-01 1.574937403e-01
 1.494310498e-01 1.413594484e-01 1.332327128e-01 1.250214279e-01 1.167070121e-01
 1.082778573e-01 9.972697497e-02 9.104974569e-02 8.224012703e-02 7.323826849e-02
 6.411483138e-02 5.494200809e-02 4.579497132e-02 3.675197437e-02 2.789403126e-02
 1.930429784e-02 1.106733084e-02 3.268293309e-03-4.007928044e-03-1.067763662e-02
-1.665928960e-02-2.187448367e-02-2.624898216e-02-2.971373688e-02-3.220591322e-02
-3.366991878e-02-3.405837716e-02-3.333307806e-02-3.146584331e-02-2.843933183e-02
-2.424773952e-02-1.889737506e-02-1.240712783e-02-4.808788188e-03 3.852785798e-03
 1.351965772e-02 2.412096228e-02 3.557324037e-02 4.778091976e-02 6.063730273e-02
 7.402463260e-02 8.782175180e-02 1.018688977e-01 1.162305400e-01 1.308615207e-01
 1.457236111e-01 1.607844382e-01 1.760172248e-01 1.914009303e-01 2.069204301e-01
 2.225667536e-01 2.383370102e-01 2.542337179e-01 2.702630162e-01 2.864308656e-01
 3.027351797e-01 3.191497922e-01 3.355872333e-01 3.517838717e-01 3.669579029e-01
 1.775961816e-01 1.751001775e-01 1.689367443e-01 1.618030220e-01 1.548031866e-01
 1.477863938e-01 1.407023221e-01 1.335305274e-01 1.262623668e-01 1.188952476e-01
 1.114306748e-01 1.038737073e-01 9.623342008e-02 8.852499725e-02 8.065744490e-02
 7.268765569e-02 6.467949600e-02 5.670179801e-02 4.882708934e-02 4.113065454e-02
 3.368970753e-02 2.658260617e-02 1.988804343e-02 1.368422901e-02 8.048024029e-03
 3.054064015e-03-1.226165448e-03-4.725265317e-03-7.380879455e-03-9.136651657e-03
-9.943170444e-03-9.758895263e-03-8.551041625e-03-6.296419524e-03-2.982174759e-03
 1.393555052e-03 6.821096409e-03 1.327879450e-02 2.073269521e-02 2.913641187e-02
 3.843113038e-02 4.854567719e-02 5.939697841e-02 7.088931650e-02 8.292063329e-02
 9.535190460e-02 1.081995070e-01 1.213963926e-01 1.349000334e-01 1.486652791e-01
 1.626469791e-01 1.768011302e-01 1.910854131e-01 2.054595202e-01 2.198852300e-01
 2.343262285e-01 2.487472743e-01 2.631122768e-01 2.773808539e-01 2.915021479e-01
 3.054042757e-01 3.189777732e-01 3.320504427e-01 3.443590403e-01 3.555457294e-01
 1.697558314e-01 1.665455550e-01 1.622422487e-01 1.571295410e-01 1.515654326e-01
 1.457285583e-01 1.396976858e-01 1.335139871e-01 1.272031963e-01 1.207842007e-01
 1.142730638e-01 1.076850891e-01 1.010359749e-01 9.434223920e-02 8.762012424e-02
 8.080245554e-02 7.395069301e-02 6.712996961e-02 6.040846556e-02 5.385634674e-02
 4.754518715e-02 4.154729098e-02 3.593493997e-02 3.077966161e-02 2.615146524e-02
 2.211808042e-02 1.874412225e-02 1.609022541e-02 1.421216594e-02 1.315998750e-02
 1.297713257e-02 1.369957719e-02 1.535497417e-02 1.796182616e-02 2.152877302e-02
 2.605402656e-02 3.152489661e-02 3.791733088e-02 4.519541562e-02 5.331144108e-02
 6.220631674e-02 7.180819659e-02 8.203897625e-02 9.278299658e-02 1.040536762e-01
 1.157866716e-01 1.279322654e-01 1.404370665e-01 1.532480568e-01 1.663109064e-01
 1.795696616e-01 1.929667145e-01 2.064430714e-01 2.199387401e-01 2.333929837e-01
 2.467446328e-01 2.599318624e-01 2.728911936e-01 2.855556309e-01 2.978508473e-01
 3.096900582e-01 3.209676445e-01 3.315534293e-01 3.412918150e-01 3.500113189e-01
 1.643944234e-01 1.611421406e-01 1.574008167e-01 1.531988978e-01 1.486160606e-01
 1.437397152e-01 1.386389434e-01 1.333641261e-01 1.279523224e-01 1.224323064e-01
 1.168281511e-01 1.111616641e-01 1.054540276e-01 9.972693771e-02 9.400356562e-02
 8.830986169e-02 8.258269726e-02 7.688435912e-02 7.128025590e-02 6.583544612e-02
 6.061594185e-02 5.568813160e-02 5.111788958e-02 4.696988685e-02 4.330719264e-02
 4.019063339e-02 3.767804056e-02 3.582341222e-02 3.467611967e-02 3.428011763e-02
 3.467321771e-02 3.588631748e-02 3.794253248e-02 4.085612670e-02 4.463181271e-02
 4.926439747e-02 5.473881584e-02 6.102985515e-02 6.809924546e-02 7.589697094e-02
 8.436927196e-02 9.342230114e-02 1.030949354e-01 1.133302003e-01 1.240840629e-01
 1.353078336e-01 1.469508558e-01 1.589591801e-01 1.712752133e-01 1.838369519e-01
 1.965774447e-01 2.094246894e-01 2.223017365e-01 2.351274043e-01 2.478174568e-01
 2.602861225e-01 2.724477053e-01 2.842182517e-01 2.955161631e-01 3.062625825e-01
 3.163801432e-01 3.257918954e-01 3.344205022e-01 3.421891630e-01 3.490259349e-01
 1.604378522e-01 1.572796255e-01 1.538498998e-01 1.501490027e-01 1.461979747e-01
 1.420318633e-01 1.376866847e-01 1.331953854e-01 1.285870820e-01 1.238875762e-01
 1.191205680e-01 1.143087745e-01 1.094749272e-01 1.046427265e-01 9.983775023e-02
 9.508867563e-02 9.042903781e-02 8.579196782e-02 8.125036213e-02 7.685744020e-02
 7.267364860e-02 6.876022370e-02 6.517663601e-02 6.197968122e-02 5.922507870e-02
 5.696684867e-02 5.525628102e-02 5.414097013e-02 5.366401374e-02 5.386337641e-02
 5.477151646e-02 5.641511081e-02 5.881445482e-02 6.198032570e-02 6.591312589e-02
 7.060316204e-02 7.603304833e-02 8.218638597e-02 8.901781587e-02 9.644751251e-02
 1.045559421e-01 1.132947057e-01 1.226327345e-01 1.325337887e-01 1.429591626e-01
 1.538663209e-01 1.652081311e-01 1.769317985e-01 1.889776439e-01 2.012778073e-01
 2.137551904e-01 2.263225764e-01 2.388826311e-01 2.513287663e-01 2.635474801e-01
 2.754220069e-01 2.868372202e-01 2.976850272e-01 3.078695536e-01 3.173110783e-01
 3.259479403e-01 3.337366879e-01 3.406507373e-01 3.466779292e-01 3.518184423e-01
 1.571511924e-01 1.541074664e-01 1.509261876e-01 1.476006210e-01 1.441340298e-01
 1.405381411e-01 1.368269920e-01 1.330163032e-01 1.291229725e-01 1.251648963e-01
 1.211609021e-01 1.171308681e-01 1.130958423e-01 1.090782359e-01 1.051019654e-01
 1.011924147e-01 9.737601873e-02 9.367859362e-02 9.015165272e-02 8.673916757e-02
 8.351695535e-02 8.054810759e-02 7.788659629e-02 7.557339968e-02 7.365685703e-02
 7.218552378e-02 7.120521365e-02 7.075759771e-02 7.087938485e-02 7.160178570e-02
 7.295072821e-02 7.494886222e-02 7.762298734e-02 8.098170903e-02 8.501892538e-02
 8.971103284e-02 9.500727801e-02 1.010054573e-01 1.076719165e-01 1.149807349e-01
 1.229231134e-01 1.314812750e-01 1.406340748e-01 1.503566504e-01 1.606201380e-01
 1.713908613e-01 1.826290339e-01 1.942871660e-01 2.063079626e-01 2.186218053e-01
 2.311442346e-01 2.437733859e-01 2.563883066e-01 2.688489556e-01 2.809990644e-01
 2.926727832e-01 3.037051857e-01 3.139452934e-01 3.232689798e-01 3.315890134e-01
 3.388604522e-01 3.450804651e-01 3.502832353e-01 3.545303643e-01 3.578996062e-01
 1.540888697e-01 1.511510611e-01 1.481936723e-01 1.452069283e-01 1.421782970e-01
 1.390994489e-01 1.359652132e-01 1.327756494e-01 1.295361072e-01 1.262565255e-01
 1.229504943e-01 1.196344495e-01 1.163271219e-01 1.130491495e-01 1.098228395e-01
 1.066719219e-01 1.036214009e-01 1.006974578e-01 9.792790565e-02 9.533589332e-02
 9.296120705e-02 9.085298330e-02 8.907081929e-02 8.756589146e-02 8.640298247e-02
 8.563351630e-02 8.530067650e-02 8.544110510e-02 8.608483523e-02 8.725384620e-02
 8.895853908e-02 9.119004008e-02 9.405877440e-02 9.755708274e-02 1.016808451e-01
 1.064258292e-01 1.117896289e-01 1.177826747e-01 1.244042664e-01 1.316497922e-01
 1.395140290e-01 1.479894668e-01 1.570661515e-01 1.667313129e-01 1.769687534e-01
 1.877577603e-01 1.990716011e-01 2.108751833e-01 2.231220454e-01 2.357501537e-01
 2.486766577e-01 2.617916763e-01 2.749516070e-01 2.879737020e-01 3.006352782e-01
 3.126821816e-01 3.238501549e-01 3.338964283e-01 3.426320553e-01 3.499445617e-01
 3.558080793e-01 3.602819442e-01 3.634983599e-01 3.656382263e-01 3.668989241e-01
 1.508509368e-01 1.479847580e-01 1.452621520e-01 1.426527798e-01 1.401019395e-01
 1.375636160e-01 1.350082010e-01 1.324219107e-01 1.298027039e-01 1.271564960e-01
 1.244945973e-01 1.218321174e-01 1.191868186e-01 1.165784821e-01 1.140284986e-01
 1.115595549e-01 1.091955230e-01 1.069613769e-01 1.048832313e-01 1.029883847e-01
 1.013071314e-01 9.987135979e-02 9.871130438e-02 9.784834830e-02 9.731382132e-02
 9.714111683e-02 9.736254068e-02 9.800791738e-02 9.910392019e-02 1.006738618e-01
 1.027383357e-01 1.053178608e-01 1.084413379e-01 1.121254638e-01 1.163812131e-01
 1.212168559e-01 1.266398579e-01 1.326581537e-01 1.392780841e-01 1.465045959e-01
 1.543418020e-01 1.627929360e-01 1.718603820e-01 1.815454662e-01 1.918480247e-01
 2.027655691e-01 2.142918706e-01 2.264147103e-01 2.391124070e-01 2.523484230e-01
 2.660635114e-01 2.801641822e-01 2.945061922e-01 3.088725806e-01 3.229495585e-01
 3.363158405e-01 3.484796285e-01 3.589774370e-01 3.674749732e-01 3.738072515e-01
 3.779768348e-01 3.801487386e-01 3.806436062e-01 3.798942268e-01 3.783428967e-01
 1.468855739e-01 1.439738423e-01 1.416340023e-01 1.396449357e-01 1.377570331e-01
 1.358648241e-01 1.339335442e-01 1.319555044e-01 1.299352199e-01 1.278837025e-01
 1.258158237e-01 1.237489804e-01 1.217022687e-01 1.196960434e-01 1.177516654e-01
 1.158912927e-01 1.141378358e-01 1.125148907e-01 1.110467687e-01 1.097585112e-01
 1.086759195e-01 1.078251601e-01 1.072320565e-01 1.069216802e-01 1.069200933e-01
 1.072538346e-01 1.079490632e-01 1.090309397e-01 1.105232388e-01 1.124482751e-01
 1.148271412e-01 1.176802292e-01 1.210275665e-01 1.248867288e-01 1.292730272e-01
 1.342002153e-01 1.396812647e-01 1.457288266e-01 1.523554623e-01 1.595738530e-01
 1.673971713e-01 1.758394837e-01 1.849160343e-01 1.946436316e-01 2.050407827e-01
 2.161277235e-01 2.279261202e-01 2.404580265e-01 2.537438571e-01 2.677985429e-01
 2.826246023e-01 2.982000411e-01 3.144570589e-01 3.312427997e-01 3.482385277e-01
 3.647831380e-01 3.796868324e-01 3.917723298e-01 4.005054832e-01 4.057496190e-01
 4.075578749e-01 4.061750472e-01 4.021942317e-01 3.967730999e-01 3.911299408e-01
 1.415044814e-01 1.380909681e-01 1.369819492e-01 1.362975240e-01 1.353140324e-01
 1.341489106e-01 1.328539401e-01 1.314620375e-01 1.299996823e-01 1.284907162e-01
 1.269578934e-01 1.254233867e-01 1.239091382e-01 1.224369556e-01 1.210286543e-01
 1.197061166e-01 1.184913367e-01 1.174065098e-01 1.164740100e-01 1.157164201e-01
 1.151565239e-01 1.148171350e-01 1.147209853e-01 1.148907021e-01 1.153488829e-01
 1.161180735e-01 1.172205061e-01 1.186779067e-01 1.205113232e-01 1.227410808e-01
 1.253868341e-01 1.284676343e-01 1.320019364e-01 1.360074133e-01 1.405010522e-01
 1.454993933e-01 1.510189622e-01 1.570767015e-01 1.636904031e-01 1.708791703e-01
 1.786640138e-01 1.870685517e-01 1.961198747e-01 2.058494389e-01 2.162942737e-01
 2.274983824e-01 2.395142019e-01 2.524044513e-01 2.662436962e-01 2.811198830e-01
 2.971348464e-01 3.144028187e-01 3.330466151e-01 3.531927168e-01 3.749806583e-01
 3.986771107e-01 4.198803008e-01 4.344865084e-01 4.434996843e-01 4.474499523e-01
 4.458939731e-01 4.392657280e-01 4.269101322e-01 4.128594994e-01 4.021419883e-01
 1.379200071e-01 1.343725324e-01 1.337269395e-01 1.336979270e-01 1.333461851e-01
 1.327529252e-01 1.319819689e-01 1.310822815e-01 1.300930083e-01 1.290470511e-01
 1.279731840e-01 1.268974543e-01 1.258440018e-01 1.248356700e-01 1.238944009e-01
 1.230414957e-01 1.222978309e-01 1.216839999e-01 1.212203726e-01 1.209271699e-01
 1.208244785e-01 1.209322289e-01 1.212701798e-01 1.218579263e-01 1.227148995e-01
 1.238603666e-01 1.253133416e-01 1.270925850e-01 1.292165220e-01 1.317032725e-01
 1.345707327e-01 1.378365159e-01 1.415181458e-01 1.456330865e-01 1.501989066e-01
 1.552335322e-01 1.607555598e-01 1.667847485e-01 1.733424068e-01 1.804521084e-01
 1.881403625e-01 1.964376122e-01 2.053794712e-01 2.150081992e-01 2.253748178e-01
 2.365417629e-01 2.485864609e-01 2.616060972e-01 2.757242024e-01 2.910992503e-01
 3.079360723e-01 3.264998496e-01 3.471309841e-01 3.702575862e-01 3.964045942e-01
 4.241956473e-01 4.454745948e-01 4.600426852e-01 4.682514668e-01 4.698452652e-01
 4.650414586e-01 4.529495239e-01 4.348181188e-01 4.191375673e-01 4.064653814e-01
 1.359774917e-01 1.324152350e-01 1.319745630e-01 1.321954280e-01 1.321530789e-01
 1.318961084e-01 1.314712614e-01 1.309223771e-01 1.302885711e-01 1.296041608e-01
 1.288992465e-01 1.282006353e-01 1.275324821e-01 1.269171387e-01 1.263755262e-01
 1.259275824e-01 1.255925149e-01 1.253889203e-01 1.253349483e-01 1.254483312e-01
 1.257464439e-01 1.262463033e-01 1.269646883e-01 1.279180646e-01 1.291227043e-01
 1.305947304e-01 1.323500723e-01 1.344045699e-01 1.367740333e-01 1.394741684e-01
 1.425208300e-01 1.459299773e-01 1.497178674e-01 1.539011746e-01 1.584971696e-01
 1.635240167e-01 1.690009832e-01 1.749489159e-01 1.813906730e-01 1.883517355e-01
 1.958609819e-01 2.039517015e-01 2.126628607e-01 2.220408916e-01 2.321419716e-01
 2.430352867e-01 2.548074424e-01 2.675688267e-01 2.814628780e-01 2.966800630e-01
 3.134790361e-01 3.322198987e-01 3.534139097e-01 3.777780235e-01 4.060207904e-01
 4.309452176e-01 4.497010708e-01 4.622629583e-01 4.684359431e-01 4.682056010e-01
 4.605806172e-01 4.450980425e-01 4.283983707e-01 4.143927395e-01 4.025872648e-01
 1.354029328e-01 1.318648458e-01 1.313390434e-01 1.316300929e-01 1.317022294e-01
 1.315921247e-01 1.313439160e-01 1.309995353e-01 1.305963695e-01 1.301666498e-01
 1.297381222e-01 1.293349266e-01 1.289785951e-01 1.286888867e-01 1.284842640e-01
 1.283822954e-01 1.283998341e-01 1.285530925e-01 1.288576573e-01 1.293285787e-01
 1.299803108e-01 1.308268010e-01 1.318816096e-01 1.331579238e-01 1.346686631e-01
 1.364266425e-01 1.384445876e-01 1.407352537e-01 1.433115155e-01 1.461865008e-01
 1.493736357e-01 1.528867930e-01 1.567404568e-01 1.609498710e-01 1.655312180e-01
 1.705018133e-01 1.758803427e-01 1.816871911e-01 1.879447252e-01 1.946778297e-01
 2.019144744e-01 2.096864730e-01 2.180305272e-01 2.269895822e-01 2.366146296e-01
 2.469671518e-01 2.581224441e-01 2.701743841e-01 2.832421362e-01 2.974804640e-01
 3.130961061e-01 3.303759992e-01 3.497422934e-01 3.718849420e-01 3.956299126e-01
 4.154616892e-01 4.304328859e-01 4.403278828e-01 4.450467229e-01 4.437949657e-01
 4.363023043e-01 4.237732589e-01 4.120250642e-01 4.014740885e-01 3.920724988e-01
 1.357190460e-01 1.321514845e-01 1.316578239e-01 1.318850070e-01 1.318940371e-01
 1.317525655e-01 1.315192878e-01 1.312408596e-01 1.309525519e-01 1.306809336e-01
 1.304468811e-01 1.302678734e-01 1.301596910e-01 1.301373542e-01 1.302155554e-01
 1.304088086e-01 1.307312399e-01 1.311965138e-01 1.318175792e-01 1.326065660e-01
 1.335747987e-01 1.347328424e-01 1.360906214e-01 1.376576424e-01 1.394431293e-01
 1.414562017e-01 1.437060684e-01 1.462020576e-01 1.489538550e-01 1.519714892e-01
 1.552655697e-01 1.588474065e-01 1.627291739e-01 1.669240743e-01 1.714465171e-01
 1.763122231e-01 1.815383434e-01 1.871436238e-01 1.931484938e-01 1.995752901e-01
 2.064484954e-01 2.137951255e-01 2.216451764e-01 2.300322354e-01 2.389941067e-01
 2.485737353e-01 2.588199973e-01 2.697885334e-01 2.815420627e-01 2.941497266e-01
 3.076832593e-01 3.222058415e-01 3.377422691e-01 3.542021513e-01 3.708304167e-01
 3.852100372e-01 3.964031041e-01 4.040921628e-01 4.080140591e-01 4.079397022e-01
 4.038497210e-01 3.975810707e-01 3.908359706e-01 3.840590715e-01 3.775005341e-01
 1.373307258e-01 1.337391883e-01 1.330284178e-01 1.329178065e-01 1.325943321e-01
 1.321981102e-01 1.318115294e-01 1.314773559e-01 1.312154532e-01 1.310346574e-01
 1.309399157e-01 1.309362054e-01 1.310302019e-01 1.312308014e-01 1.315487474e-01
 1.319959164e-01 1.325844824e-01 1.333261431e-01 1.342315227e-01 1.353098601e-01
 1.365689933e-01 1.380154490e-01 1.396548748e-01 1.414923221e-01 1.435326934e-01
 1.457809657e-01 1.482423246e-01 1.509223878e-01 1.538271308e-01 1.569630950e-01
 1.603375227e-01 1.639585644e-01 1.678355336e-01 1.719791144e-01 1.764015109e-01
 1.811164767e-01 1.861393303e-01 1.914867460e-01 1.971766204e-01 2.032279373e-01
 2.096605450e-01 2.164951414e-01 2.237530202e-01 2.314560264e-01 2.396260798e-01
 2.482845336e-01 2.574509382e-01 2.671407461e-01 2.773612738e-01 2.881045639e-01
 2.993347347e-01 3.109661043e-01 3.228255510e-01 3.345955313e-01 3.457687795e-01
 3.557229340e-01 3.639152944e-01 3.699850738e-01 3.737507462e-01 3.752192259e-01
 3.746335805e-01 3.724689484e-01 3.692656159e-01 3.654591143e-01 3.613524139e-01
 1.409662515e-01 1.375997364e-01 1.358216256e-01 1.345697791e-01 1.334294826e-01
 1.325150877e-01 1.318535059e-01 1.314166933e-01 1.311669201e-01 1.310718805e-01
 1.311087459e-01 1.312648952e-01 1.315371841e-01 1.319301426e-01 1.324536503e-01
 1.331202388e-01 1.339429766e-01 1.349335909e-01 1.361014098e-01 1.374528110e-01
 1.389912516e-01 1.407179088e-01 1.426325440e-01 1.447344572e-01 1.470232010e-01
 1.494990587e-01 1.521630287e-01 1.550167203e-01 1.580622047e-01 1.613019407e-01
 1.647390127e-01 1.683775485e-01 1.722232402e-01 1.762837470e-01 1.805689782e-01
 1.850910336e-01 1.898639053e-01 1.949029565e-01 2.002242208e-01 2.058438212e-01
 2.117774040e-01 2.180396616e-01 2.246438414e-01 2.316010445e-01 2.389193922e-01
 2.466025502e-01 2.546477318e-01 2.630426585e-01 2.717612088e-01 2.807570994e-01
 2.899551690e-01 2.992405295e-01 3.084470630e-01 3.173510135e-01 3.256794214e-01
 3.331408501e-01 3.394710720e-01 3.444736004e-01 3.480455578e-01 3.501896262e-01
 3.510130048e-01 3.507063091e-01 3.495026231e-01 3.476339280e-01 3.453027904e-01
 1.448616087e-01 1.416100115e-01 1.386007070e-01 1.357500851e-01 1.331553161e-01
 1.318091452e-01 1.310476065e-01 1.306745708e-01 1.305702776e-01 1.306547522e-01
 1.308769435e-01 1.312105656e-01 1.316503733e-01 1.322064846e-01 1.328976900e-01
 1.337456256e-01 1.347703636e-01 1.359876096e-01 1.374069750e-01 1.390313208e-01
 1.408572942e-01 1.428769976e-01 1.450805515e-01 1.474586576e-01 1.500042677e-01
 1.527129412e-01 1.555823386e-01 1.586109698e-01 1.617972404e-01 1.651387513e-01
 1.686328202e-01 1.722775995e-01 1.760735363e-01 1.800244301e-01 1.841380447e-01
 1.884261221e-01 1.929035485e-01 1.975868791e-01 2.024926245e-01 2.076358944e-01
 2.130295932e-01 2.186840176e-01 2.246063500e-01 2.307999879e-01 2.372636497e-01
 2.439898699e-01 2.509633601e-01 2.581586241e-01 2.655370235e-01 2.730433345e-01
 2.806021571e-01 2.881146371e-01 2.954573333e-01 3.024845123e-01 3.090365231e-01
 3.149536550e-01 3.200936616e-01 3.243486583e-01 3.276576400e-01 3.300126195e-01
 3.314570486e-01 3.320766688e-01 3.319849372e-01 3.313066364e-01 3.301643431e-01
 1.475666464e-01 1.441361457e-01 1.405333728e-01 1.366078556e-01 1.323875636e-01
 1.297086924e-01 1.288996785e-01 1.290129870e-01 1.293453425e-01 1.297993660e-01
 1.303040981e-01 1.308329255e-01 1.314025373e-01 1.320557594e-01 1.328426004e-01
 1.338087171e-01 1.349903196e-01 1.364122629e-01 1.380865276e-01 1.400105954e-01
 1.421673149e-01 1.445290297e-01 1.470658630e-01 1.497538388e-01 1.525785178e-01
 1.555338800e-01 1.586189866e-01 1.618340016e-01 1.651761383e-01 1.686366945e-01
 1.722018570e-01 1.758579463e-01 1.795964241e-01 1.834154427e-01 1.873205453e-01
 1.913258135e-01 1.954533308e-01 1.997282058e-01 2.041722387e-01 2.088015675e-01
 2.136274129e-01 2.186569124e-01 2.238932550e-01 2.293353379e-01 2.349768728e-01
 2.408053130e-01 2.468006164e-01 2.529338599e-01 2.591657937e-01 2.654455304e-01
 2.717095911e-01 2.778816223e-01 2.838737667e-01 2.895896137e-01 2.949294746e-01
 2.997974754e-01 3.041095435e-01 3.078010082e-01 3.108324706e-01 3.131925762e-01
 3.148976266e-01 3.159879744e-01 3.165219128e-01 3.165687323e-01 3.162018061e-01
 1.501680314e-01 1.467928290e-01 1.431090385e-01 1.389325261e-01 1.341189444e-01
 1.302919835e-01 1.279242336e-01 1.270789803e-01 1.277675480e-01 1.288775802e-01
 1.297548413e-01 1.303884983e-01 1.309117228e-01 1.314775795e-01 1.322047860e-01
 1.331734061e-01 1.344378740e-01 1.360359937e-01 1.379893273e-01 1.402940750e-01
 1.429053843e-01 1.457374841e-01 1.487041116e-01 1.517564356e-01 1.548813879e-01
 1.580859720e-01 1.613855213e-01 1.647964269e-01 1.683292240e-01 1.719715744e-01
 1.756659448e-01 1.793655008e-01 1.830543429e-01 1.867250502e-01 1.903745085e-01
 1.940130294e-01 1.976938098e-01 2.014866024e-01 2.054196745e-01 2.095031739e-01
 2.137427479e-01 2.181419879e-01 2.227018178e-01 2.274195105e-01 2.322874665e-01
 2.372921705e-01 2.424134910e-01 2.476239652e-01 2.528884113e-01 2.581638396e-01
 2.633994520e-01 2.685376107e-01 2.735152245e-01 2.782661319e-01 2.827242613e-01
 2.868276238e-01 2.905222177e-01 2.937657237e-01 2.965304553e-01 2.988047600e-01
 3.005929887e-01 3.019140065e-01 3.027985990e-01 3.032859266e-01 3.034202755e-01
 1.530547589e-01 1.500869691e-01 1.468657702e-01 1.433215440e-01 1.394422055e-01
 1.353067160e-01 1.315263956e-01 1.291688830e-01 1.284079700e-01 1.293814183e-01
 1.302640885e-01 1.303859055e-01 1.302372069e-01 1.303188354e-01 1.307424605e-01
 1.315529496e-01 1.327897161e-01 1.344999373e-01 1.367434115e-01 1.395892054e-01
 1.430577785e-01 1.467392892e-01 1.502885967e-01 1.537266671e-01 1.571130752e-01
 1.605058015e-01 1.639573872e-01 1.675169915e-01 1.712354273e-01 1.751694233e-01
 1.790606528e-01 1.828249842e-01 1.864844114e-01 1.900134981e-01 1.933927536e-01
 1.965806335e-01 1.996694505e-01 2.029337585e-01 2.063347697e-01 2.098584920e-01
 2.135031670e-01 2.172719985e-01 2.211682201e-01 2.251916379e-01 2.293366342e-01
 2.335912734e-01 2.379371524e-01 2.423495650e-01 2.467979788e-01 2.512464226e-01
 2.556542456e-01 2.599771023e-01 2.641681731e-01 2.681798935e-01 2.719658613e-01
 2.754831314e-01 2.786942720e-01 2.815693915e-01 2.840875983e-01 2.862378359e-01
 2.880189121e-01 2.894389034e-01 2.905138731e-01 2.912661731e-01 2.917225659e-01
 1.562085450e-01 1.539670229e-01 1.514798254e-01 1.486885399e-01 1.456201077e-01
 1.423747987e-01 1.390933693e-01 1.359245777e-01 1.337017565e-01 1.335113197e-01
 1.334221363e-01 1.324219256e-01 1.311576516e-01 1.306425185e-01 1.307157576e-01
 1.313199401e-01 1.324609519e-01 1.341790407e-01 1.365573704e-01 1.397676021e-01
 1.441381574e-01 1.486150921e-01 1.525076329e-01 1.560910195e-01 1.595275700e-01
 1.629240513e-01 1.663606614e-01 1.699055284e-01 1.736237108e-01 1.775732785e-01
 1.814847439e-01 1.852515489e-01 1.888802200e-01 1.923331916e-01 1.955621392e-01
 1.985019148e-01 2.012539208e-01 2.040989697e-01 2.070067227e-01 2.099715471e-01
 2.130067199e-01 2.161327601e-01 2.193672359e-01 2.227188497e-01 2.261861413e-01
 2.297585011e-01 2.334180921e-01 2.371413708e-01 2.409004420e-01 2.446639090e-01
 2.483978271e-01 2.520664930e-01 2.556334734e-01 2.590626478e-01 2.623194456e-01
 2.653720975e-01 2.681928873e-01 2.707591951e-01 2.730543614e-01 2.750680447e-01
 2.767964304e-01 2.782418132e-01 2.794121206e-01 2.803198695e-01 2.809811532e-01
 0.100324905E+01 0.101659298E+01 0.102483463E+01 0.103522849E+01 0.104594433E+01
 0.105709302E+01 0.106858027E+01 0.108135188E+01 0.109341645E+01 0.110576653E+01
 0.111825562E+01 0.113180041E+01 0.114523578E+01 0.115927768E+01 0.117359638E+01
 0.118882084E+01 0.120422244E+01 0.121998346E+01 0.123647380E+01 0.125341904E+01
 0.127108705E+01 0.128912759E+01 0.130782342E+01 0.132722819E+01 0.134740150E+01
 0.136825717E+01 0.138976490E+01 0.141212559E+01 0.143539488E+01 0.145959377E+01
 0.148467422E+01 0.151081097E+01 0.153803396E+01 0.156636953E+01 0.159602761E+01
 0.162697268E+01 0.165933228E+01 0.169324517E+01 0.172867858E+01 0.176601601E+01
 0.180529141E+01 0.184655786E+01 0.189017749E+01 0.193606937E+01 0.198490536E+01
 0.203675413E+01 0.209173703E+01 0.215040040E+01 0.221314049E+01 0.228071547E+01
 0.235314798E+01 0.243160677E+01 0.251703310E+01 0.261016369E+01 0.271228218E+01
 0.282614136E+01 0.295291162E+01 0.309542775E+01 0.326063633E+01 0.345245862E+01
 0.368366194E+01 0.397334623E+01 0.436990595E+01 0.500653076E+01 0.848060608E+01
   86   86
 0.108935606E+01-0.500000007E-01 0.108595955E+01 0.500000007E-01 0.108703339E+01
 0.150000006E+00 0.109320307E+01 0.250000000E+00 0.110489857E+01 0.349999994E+00
 0.111256146E+01 0.400000006E+00 0.113218749E+01 0.497249544E+00 0.114556754E+01
 0.550000012E+00 0.116060388E+01 0.600000024E+00 0.118531251E+01 0.666415930E+00
 0.121187496E+01 0.722047508E+00 0.123843753E+01 0.765674114E+00 0.126499999E+01
 0.800042212E+00 0.131599176E+01 0.850000024E+00 0.134468746E+01 0.871495008E+00
 0.139781249E+01 0.897971392E+00 0.142437506E+01 0.907074749E+00 0.147749996E+01
 0.918476641E+00 0.153062499E+01 0.921282887E+00 0.158375001E+01 0.916706502E+00
 0.163687503E+01 0.905357003E+00 0.166343749E+01 0.897675216E+00 0.171656251E+01
 0.878515780E+00 0.176968753E+01 0.852165341E+00 0.179624999E+01 0.837951064E+00
 0.184937501E+01 0.803798318E+00 0.187593746E+01 0.785371184E+00 0.192029715E+01
 0.750000000E+00 0.195562506E+01 0.719937146E+00 0.198218751E+01 0.694637477E+00
 0.202480602E+01 0.649999976E+00 0.206187510E+01 0.606411755E+00 0.208843756E+01
 0.571416676E+00 0.211500001E+01 0.532219291E+00 0.214156246E+01 0.487809539E+00
 0.216812491E+01 0.436623216E+00 0.219468760E+01 0.376333982E+00 0.222125006E+01
 0.303329438E+00 0.223708296E+01 0.250000000E+00 0.224859595E+01 0.200000003E+00
 0.226193428E+01 0.100000001E+00 0.225985479E+01 0.000000000E+00 0.224781251E+01
-0.745382755E-01 0.222902536E+01-0.150000006E+00 0.221276379E+01-0.200000003E+00
 0.219412208E+01-0.250000000E+00 0.216812491E+01-0.311833233E+00 0.214156246E+01
-0.368949771E+00 0.211500001E+01-0.420717746E+00 0.208843756E+01-0.467763334E+00
 0.206187510E+01-0.510615468E+00 0.203512406E+01-0.550000012E+00 0.199806035E+01
-0.600000024E+00 0.195696509E+01-0.649999976E+00 0.192906249E+01-0.682054996E+00
 0.190250003E+01-0.710116625E+00 0.186189663E+01-0.750000000E+00 0.182281256E+01
-0.787329137E+00 0.179624999E+01-0.810620785E+00 0.174778926E+01-0.850000024E+00
 0.171656251E+01-0.875840068E+00 0.168194222E+01-0.899999976E+00 0.163687503E+01
-0.932852805E+00 0.160823417E+01-0.949999988E+00 0.155718756E+01-0.982423186E+00
 0.152087331E+01-0.100000000E+01 0.147749996E+01-0.102479351E+01 0.142437506E+01
-0.104686582E+01 0.138042223E+01-0.106180108E+01 0.135284889E+01-0.107360208E+01
 0.134468746E+01-0.104722309E+01 0.131812501E+01-0.999649823E+00 0.129156256E+01
-0.945197880E+00 0.126499999E+01-0.881010413E+00 0.123843753E+01-0.809093237E+00
 0.121753049E+01-0.750000000E+00 0.120064712E+01-0.699999988E+00 0.118477738E+01
-0.649999976E+00 0.115875006E+01-0.559462547E+00 0.114414668E+01-0.500000000E+00
 0.113218749E+01-0.442471087E+00 0.111689639E+01-0.349999994E+00 0.110562503E+01
-0.254512310E+00 0.110029769E+01-0.200000003E+00 0.109236336E+01-0.100000001E+00
 0.108935606E+01-0.500000007E-01
 0.101600003E+01 0.000000000E+00 0.101600003E+01 0.963999987E+00 0.101600003E+01
 0.967999995E+00 0.101600003E+01 0.100100005E+01 0.101600003E+01 0.101900005E+01
 0.101600003E+01 0.107700002E+01 0.101600003E+01 0.107000005E+01 0.101600003E+01
 0.109599996E+01 0.101600003E+01 0.111300004E+01 0.101600003E+01 0.113800001E+01
 0.101600003E+01 0.114699996E+01 0.101199996E+01 0.116499996E+01 0.100100005E+01
 0.121700001E+01 0.102900004E+01 0.121700001E+01 0.104200006E+01 0.116240001E+01
 0.104600000E+01 0.116237998E+01 0.105599999E+01 0.116260004E+01 0.109700000E+01
 0.116450000E+01 0.110800004E+01 0.116594005E+01 0.111600006E+01 0.116591001E+01
 0.113399994E+01 0.116895998E+01 0.114800000E+01 0.117174995E+01 0.116199994E+01
 0.117556000E+01 0.118099999E+01 0.118299997E+01 0.118200004E+01 0.118350005E+01
 0.118499994E+01 0.118499994E+01 0.119000006E+01 0.118799996E+01 0.119500005E+01
 0.119099998E+01 0.120099998E+01 0.119599998E+01 0.120899999E+01 0.120200002E+01
 0.121500003E+01 0.120799994E+01 0.122200000E+01 0.121399999E+01 0.122800004E+01
 0.122099996E+01 0.123399997E+01 0.123099995E+01 0.123899996E+01 0.123800004E+01
 0.124199998E+01 0.124399996E+01 0.124800003E+01 0.125399995E+01 0.125800002E+01
 0.127800000E+01 0.126300001E+01 0.128999996E+01 0.127999997E+01 0.133099997E+01
 0.127999997E+01 0.134700000E+01 0.127999997E+01 0.134800005E+01 0.130999994E+01
 0.134800005E+01 0.132799995E+01 0.134800005E+01 0.136099994E+01 0.134800005E+01
 0.138000000E+01 0.134800005E+01 0.141900003E+01 0.134800005E+01 0.141900003E+01
 0.130999994E+01 0.137199998E+01 0.130999994E+01 0.137199998E+01 0.129200006E+01
 0.160800004E+01 0.109500003E+01 0.164699996E+01 0.107700002E+01 0.178499997E+01
 0.107700002E+01 0.206999993E+01 0.103999996E+01 0.212800002E+01 0.992999971E+00
 0.224499989E+01 0.708999991E+00 0.229900002E+01 0.578700006E+00 0.227500010E+01
 0.578700006E+00 0.225399995E+01 0.450100005E+00 0.236100006E+01 0.185599998E+00
 0.236496997E+01 0.133000001E+00 0.236531997E+01 0.439999998E-01 0.236511993E+01
-0.439999998E-01 0.236484003E+01-0.133000001E+00 0.236433005E+01-0.222000003E+00
 0.236249995E+01-0.400000006E+00 0.237700009E+01-0.388999999E+00 0.213400006E+01
-0.972999990E+00 0.178600001E+01-0.117400002E+01 0.176800001E+01-0.121099997E+01
 0.176800001E+01-0.125000000E+01 0.168200004E+01-0.125000000E+01 0.137199998E+01
-0.125000000E+01 0.137199998E+01-0.132900000E+01 0.141999996E+01-0.132900000E+01
 0.141999996E+01-0.136300004E+01 0.127300000E+01-0.136300004E+01 0.115300000E+01
-0.136300004E+01 0.101600003E+01-0.122300005E+01 0.101600003E+01-0.122300005E+01
 0.101600003E+01-0.829999983E+00 0.101600003E+01-0.800000012E+00 0.101600003E+01
-0.414999992E+00 0.101600003E+01-0.400000006E+00 0.101600003E+01-0.100000005E-02
 0.101600003E+01 0.000000000E+00
    0 0.169550002E+01    0
 0.000000000E+00 0.911072195E-01 0.129459456E+00 0.159022406E+00 0.184168398E+00
 0.206492260E+00 0.226848826E+00 0.244444445E+00 0.262320817E+00 0.279150397E+00
 0.295222670E+00 0.310684979E+00 0.325640917E+00 0.339941174E+00 0.353936106E+00
 0.367613494E+00 0.380903304E+00 0.393897057E+00 0.406652391E+00 0.419233114E+00
 0.431574523E+00 0.443754673E+00 0.455749214E+00 0.467619211E+00 0.479419500E+00
 0.491032600E+00 0.502604127E+00 0.514069676E+00 0.525458396E+00 0.536829531E+00
 0.548107743E+00 0.559380055E+00 0.570609808E+00 0.581800699E+00 0.593033433E+00
 0.604237020E+00 0.615444601E+00 0.626698911E+00 0.637935460E+00 0.649254799E+00
 0.660614014E+00 0.672008991E+00 0.683502853E+00 0.695028365E+00 0.706688881E+00
 0.718448400E+00 0.730301619E+00 0.742299378E+00 0.754419148E+00 0.766741514E+00
 0.779204369E+00 0.791885138E+00 0.804790199E+00 0.817934751E+00 0.831357121E+00
 0.845129311E+00 0.859240949E+00 0.873727918E+00 0.888774335E+00 0.904341698E+00
 0.920611024E+00 0.937723160E+00 0.956011772E+00 0.976036608E+00 0.100000000E+01
    0
