   6   2   1   5   1

  4.099683291556435D-01  4.690871500935080D-01  5.628231184980284D-01
  5.952170022828219D-01  7.618662419010562D-01  7.294723581162617D-01
  5.539144128336688D-01  5.797076818987054D-01  4.099720394159206D-01
  4.778195654360620D-01  5.353394911835762D-01  5.812529663757350D-01
  7.728383404642569D-01  7.269282425542501D-01  5.739190051469145D-01
  6.022602603357472D-01  4.099898982227758D-01  4.749003630858941D-01
  4.948852790572238D-01  5.659500307779824D-01  7.847861524764739D-01
  7.368059506145439D-01  6.075701061150588D-01  6.292467885840380D-01
  4.100040646281605D-01  4.632458261908221D-01  4.818742400331973D-01
  5.645958281517190D-01  7.857738137375025D-01  7.492376519449094D-01
  6.212502658709255D-01  6.337077249235352D-01  4.099092744013941D-01
  4.100273764967855D-01  6.171168176943000D-01  5.085843293150180D-01
  6.818775754222707D-01  8.418329861049906D-01  5.281294718881374D-01
  5.796593868928144D-01  4.099092643875396D-01  4.100274013368549D-01
  6.170627980110580D-01  5.085285289717372D-01  6.818775754222665D-01
  8.418768306546980D-01  5.281643506522542D-01  5.797044419014694D-01
  4.098992505329627D-01  4.100522414063253D-01  5.630431147690000D-01
  4.527281856909373D-01  6.818775754180055D-01  8.857213803620582D-01
  5.630431147690000D-01  6.247594505565066D-01  4.099508502553097D-01
  4.100572506965051D-01  5.164576918919324D-01  4.473167865854535D-01
  6.818775754175402D-01  8.896680787082918D-01  6.087823821986393D-01
  6.336908142276610D-01  4.100273764967855D-01  5.281294718881373D-01
  5.085843293150181D-01  6.818775754222683D-01  8.418329861049904D-01
  6.171168176942999D-01  5.796593868928144D-01  5.797109168078191D-01
  4.100274013368549D-01  5.281643506522541D-01  5.085285289717373D-01
  6.818775754222641D-01  8.418768306546978D-01  6.170627980110579D-01
  5.797044419014694D-01  5.797559819927186D-01  4.100522414063253D-01
  5.630431147690000D-01  4.527281856909373D-01  6.818775754180014D-01
  8.857213803620582D-01  5.630431147690000D-01  6.247594505565066D-01
  6.248211668922942D-01  4.100572506965051D-01  5.164576918919324D-01
  4.473167865854535D-01  6.818775754175376D-01  8.896680787082918D-01
  6.087823821986391D-01  6.336908142276610D-01  6.337157226596901D-01
  4.099092643875396D-01  4.100274013368549D-01  6.170627980110580D-01
  5.085285289717372D-01  6.818775754222665D-01  8.418768306546980D-01
  5.281643506522542D-01  5.797044419014694D-01  4.098992505329627D-01
  4.100522414063253D-01  5.630431147690000D-01  4.527281856909373D-01
  6.818775754180055D-01  8.857213803620582D-01  5.630431147690000D-01
  6.247594505565066D-01  4.099508502553097D-01  4.100572506965051D-01
  5.164576918919324D-01  4.473167865854535D-01  6.818775754175402D-01
  8.896680787082918D-01  6.087823821986393D-01  6.336908142276610D-01
  4.099509018550320D-01  4.100572557057953D-01  5.164111064690553D-01
  4.473113751863481D-01  6.818775754175398D-01  8.896720254066380D-01
  6.088281214660690D-01  6.336997455913322D-01  4.100274013368549D-01
  5.281643506522541D-01  5.085285289717373D-01  6.818775754222641D-01
  8.418768306546978D-01  6.170627980110579D-01  5.797044419014694D-01
  5.797559819927186D-01  4.100522414063253D-01  5.630431147690000D-01
  4.527281856909373D-01  6.818775754180014D-01  8.857213803620582D-01
  5.630431147690000D-01  6.247594505565066D-01  6.248211668922942D-01
  4.100572506965051D-01  5.164576918919324D-01  4.473167865854535D-01
  6.818775754175376D-01  8.896680787082918D-01  6.087823821986391D-01
  6.336908142276610D-01  6.337157226596901D-01  4.100572557057953D-01
  5.164111064690553D-01  4.473113751863481D-01  6.818775754175371D-01
  8.896720254066380D-01  6.088281214660688D-01  6.336997455913322D-01
  6.337246172154575D-01

 -5.452447085691711D-01 -5.226799567239087D-01 -1.126477578103106D-01
  1.037225842317570D-01  1.036998377294892D-01 -1.126477578103106D-01
 -5.352357259843828D-01 -5.703688028593800D-01 -5.203936675237256D-01
 -4.839477185421056D-01 -1.559936520706408D-01  1.250574553609726D-01
  1.250268162907996D-01 -1.559946979985805D-01 -5.081976148629466D-01
 -5.689156171599213D-01 -4.905594558021805D-01 -4.389504303816930D-01
 -1.955005192141817D-01  1.486899180186908D-01  1.486570925170106D-01
 -2.025302686872893D-01 -4.842686536617793D-01 -5.671676631863999D-01
 -4.855464509143592D-01 -4.326403831149230D-01 -1.917009989645359D-01
  1.510111420098511D-01  1.509840204581374D-01 -2.057654347584170D-01
 -4.873538746208471D-01 -5.668711469583634D-01 -5.452920631389976D-01
 -5.452470064290057D-01 -2.215940766194925D-01 -3.614829399000000D-03
  2.109718935122017D-01 -3.614829399000002D-03 -5.001902964371111D-01
 -5.703351821504887D-01 -5.452424384186157D-01 -5.451973262900651D-01
 -2.217672958237498D-01 -3.614829399000000D-03  2.110571162037554D-01
 -3.614829399000002D-03 -5.000851977394527D-01 -5.703322276104790D-01
 -4.956177180367451D-01 -4.955171873494767D-01 -3.949865000810000D-01
 -3.614829399000000D-03  2.962798077574431D-01 -3.614829399000000D-03
 -3.949865000810000D-01 -5.673776876006684D-01 -4.856043108325462D-01
 -4.854986069899541D-01 -3.797947643979134D-01 -3.614829399000000D-03
  3.055782211085993D-01 -3.614829399000001D-03 -4.079095785785852D-01
 -5.667920019666773D-01 -5.452470064290057D-01 -5.001902964371110D-01
 -3.614829399000000D-03  2.110173707473708D-01 -3.614829399000000D-03
 -2.215940766194925D-01 -5.703351821504887D-01 -5.704053270362022D-01
 -5.451973262900651D-01 -5.000851977394526D-01 -3.614829399000000D-03
  2.111026249776574D-01 -3.614829399000000D-03 -2.217672958237498D-01
 -5.703322276104790D-01 -5.704024746403500D-01 -4.955171873494767D-01
 -3.949865000810000D-01 -3.614829399000000D-03  2.963568552642331D-01
 -3.614829399000000D-03 -3.949865000810000D-01 -5.673776876006684D-01
 -5.675500787881881D-01 -4.854986069899541D-01 -3.797947643979133D-01
 -3.614829399000000D-03  3.056324756085300D-01 -3.614829399000000D-03
 -4.079095785785851D-01 -5.667920019666773D-01 -5.669508843900655D-01
 -5.452424384186157D-01 -5.451973262900651D-01 -2.217672958237498D-01
 -3.614829399000000D-03  2.110571162037554D-01 -3.614829399000002D-03
 -5.000851977394527D-01 -5.703322276104790D-01 -4.956177180367451D-01
 -4.955171873494767D-01 -3.949865000810000D-01 -3.614829399000000D-03
  2.962798077574431D-01 -3.614829399000000D-03 -3.949865000810000D-01
 -5.673776876006684D-01 -4.856043108325462D-01 -4.854986069899541D-01
 -3.797947643979134D-01 -3.614829399000000D-03  3.055782211085993D-01
 -3.614829399000001D-03 -4.079095785785852D-01 -5.667920019666773D-01
 -4.855942974253420D-01 -4.854885884095946D-01 -3.797795726622303D-01
 -3.614829399000000D-03  3.055875195219505D-01 -3.614829399000001D-03
 -4.079225016570828D-01 -5.667914162810433D-01 -5.451973262900651D-01
 -5.000851977394526D-01 -3.614829399000000D-03  2.111026249776574D-01
 -3.614829399000000D-03 -2.217672958237498D-01 -5.703322276104790D-01
 -5.704024746403500D-01 -4.955171873494767D-01 -3.949865000810000D-01
 -3.614829399000000D-03  2.963568552642331D-01 -3.614829399000000D-03
 -3.949865000810000D-01 -5.673776876006684D-01 -5.675500787881881D-01
 -4.854986069899541D-01 -3.797947643979133D-01 -3.614829399000000D-03
  3.056324756085300D-01 -3.614829399000000D-03 -4.079095785785851D-01
 -5.667920019666773D-01 -5.669508843900655D-01 -4.854885884095946D-01
 -3.797795726622302D-01 -3.614829399000000D-03  3.056417512288743D-01
 -3.614829399000000D-03 -4.079225016570827D-01 -5.667914162810433D-01
 -5.669502851956674D-01

  8.528867122803034D-01  7.639050447371805D-01  5.405194944846682D-01
  4.101947573323659D-01  4.404671169464462D-01  3.340001082931156D-01
  8.131751050536394D-01  8.530392260091934D-01  9.286933883538016D-01
  9.011370691912624D-01  7.480667128193211D-01  5.246663704322251D-01
  5.727812689945008D-01  5.154227290538141D-01  9.113971456903084D-01
  9.305646892385001D-01  1.013118840665979D+00  1.008554917729152D+00
  9.529317158847024D-01  6.462175534166077D-01  7.220645797954295D-01
  7.518255240768180D-01  1.003323791333803D+00  1.012947749861553D+00
  1.025865044743555D+00  1.034724907279745D+00  9.924587995581378D-01
  6.571166571567273D-01  7.358501100709466D-01  8.056591115793129D-01
  1.028877861940590D+00  1.025834426187959D+00  8.529781592643021D-01
  8.526481761828967D-01  7.105108157489765D-01  7.106782137802764D-01
  7.101987598151385D-01  7.105268903390446D-01  8.529117210139061D-01
  8.528824209691021D-01  8.531251271551211D-01  8.527954243950678D-01
  7.111041720008682D-01  7.109880825589140D-01  7.105442671202511D-01
  7.108207835872862D-01  8.532349610829996D-01  8.530483291743635D-01
  1.000015910233246D+00  9.998709642049254D-01  1.000000000000000D+00
  9.999795916552345D-01  9.997454263877775D-01  9.997703574980035D-01
  1.000000000000000D+00  9.998228924068415D-01  1.025857403147418D+00
  1.025847719294554D+00  1.025892015985000D+00  1.025807980910575D+00
  1.025581584951979D+00  1.025597338763911D+00  1.025892015984979D+00
  1.025795513457413D+00  8.526481761828967D-01  8.529117210139063D-01
  7.106782137802758D-01  7.103831467123126D-01  7.105268903390431D-01
  7.105108157489766D-01  8.528824209691021D-01  8.530301752545839D-01
  8.527954243950678D-01  8.532349610829998D-01  7.109880825589133D-01
  7.107287198672817D-01  7.108207835872846D-01  7.111041720008682D-01
  8.530483291743635D-01  8.531960547394385D-01  9.998709642049254D-01
  1.000000000000000D+00  9.999795916552345D-01  9.999661096008650D-01
  9.997703574980035D-01  1.000000000000000D+00  9.998228924068415D-01
  9.999773460428741D-01  1.025847719294554D+00  1.025892015985000D+00
  1.025807980910575D+00  1.025727058082674D+00  1.025597338763911D+00
  1.025892015984978D+00  1.025795513457413D+00  1.025847838845715D+00
  8.531251271551211D-01  8.527954243950678D-01  7.111041720008682D-01
  7.109880825589140D-01  7.105442671202511D-01  7.108207835872862D-01
  8.532349610829996D-01  8.530483291743635D-01  1.000015910233246D+00
  9.998709642049254D-01  1.000000000000000D+00  9.999795916552345D-01
  9.997454263877775D-01  9.997703574980035D-01  1.000000000000000D+00
  9.998228924068415D-01  1.025857403147418D+00  1.025847719294554D+00
  1.025892015985000D+00  1.025807980910575D+00  1.025581584951979D+00
  1.025597338763911D+00  1.025892015984979D+00  1.025795513457413D+00
  1.025882356300674D+00  1.025872799193636D+00  1.025941479557580D+00
  1.025833549924097D+00  1.025606520983504D+00  1.025623007351578D+00
  1.025942785575038D+00  1.025821147762577D+00  8.527954243950678D-01
  8.532349610829998D-01  7.109880825589133D-01  7.107287198672817D-01
  7.108207835872846D-01  7.111041720008682D-01  8.530483291743635D-01
  8.531960547394385D-01  9.998709642049254D-01  1.000000000000000D+00
  9.999795916552345D-01  9.999661096008650D-01  9.997703574980035D-01
  1.000000000000000D+00  9.998228924068415D-01  9.999773460428741D-01
  1.025847719294554D+00  1.025892015985000D+00  1.025807980910575D+00
  1.025727058082674D+00  1.025597338763911D+00  1.025892015984978D+00
  1.025795513457413D+00  1.025847838845715D+00  1.025872799193636D+00
  1.025941479557580D+00  1.025833549924097D+00  1.025751923113379D+00
  1.025623007351578D+00  1.025942785575038D+00  1.025821147762577D+00
  1.025873372621291D+00

  7.228216012026383D+00  1.016895399249403D+01 -4.024030754749964D+00
  4.900357541356717D+00  4.961082912376772D+00 -5.561744496471083D+00
  3.931413349696198D+00  9.853069487079710D-01  7.379827368694731D+00
  6.243880465363671D+00 -3.616253591413272D+00  5.000512075865176D+00
  5.176394588264122D+00 -6.246435172639655D+00  2.585101353496083D+00
  5.080670323799555D-01  6.328633093457062D+00  3.670353209224390D+00
 -2.387202945935607D+00  4.764552829184232D+00  5.109136844966884D+00
 -5.755855877367997D+00  1.146153189989568D+00  2.166182169141745D-01
  6.109577082000354D+00  3.549018969905970D+00 -2.111693160985601D+00
  4.729267012649458D+00  5.094383796659042D+00 -5.548810812426435D+00
  8.560997968821277D-01  1.884427044215486D-01  7.221687915826397D+00
  7.232037998706863D+00 -5.044155187621984D+00  2.307888774486371D-02
  5.946596602062719D+00 -1.221368353358859D-01  5.178493656291816D+00
  9.884475810073741D-01  7.224405246949885D+00  7.234733852740756D+00
 -5.038955717805753D+00  2.303855136092929D-02  5.944599589029374D+00
 -1.221459814381554D-01  5.170752672914606D+00  9.872013929752134D-01
  6.542410340783273D+00  6.541163743038252D+00 -5.617579664171144D-12
 -2.303367966864199D-02  4.201024917265486D+00 -1.310561649675301D-01
 -5.617579664171144D-12  2.519076852107038D-01  6.111373712671115D+00
  6.108214295153275D+00  6.032117222074465D-01 -2.757102963943423D-02
  3.933026452172338D+00 -1.312667334964187D-01 -4.506178891697007D-01
  1.900799742490221D-01  7.232037998706863D+00  5.178493656291818D+00
  2.307888774486379D-02  5.945531569610771D+00 -1.221368353358858D-01
 -5.044155187621982D+00  9.884475810073741D-01  9.834124887063765D-01
  7.234733852740756D+00  5.170752672914608D+00  2.303855136092937D-02
  5.943531113441067D+00 -1.221459814381553D-01 -5.038955717805750D+00
  9.872013929752134D-01  9.821660834470869D-01  6.541163743038252D+00
 -5.617579664171144D-12 -2.303367966864199D-02  4.200032594297179D+00
 -1.310561649675301D-01 -5.617579664171144D-12  2.519076852107038D-01
  2.473944886969927D-01  6.108214295153275D+00  6.032117222074448D-01
 -2.757102963943423D-02  3.931464586288268D+00 -1.312667334964187D-01
 -4.506178891696989D-01  1.900799742490221D-01  1.868526083407253D-01
  7.224405246949885D+00  7.234733852740756D+00 -5.038955717805753D+00
  2.303855136092929D-02  5.944599589029374D+00 -1.221459814381554D-01
  5.170752672914606D+00  9.872013929752134D-01  6.542410340783273D+00
  6.541163743038252D+00 -5.617579664171144D-12 -2.303367966864199D-02
  4.201024917265486D+00 -1.310561649675301D-01 -5.617579664171144D-12
  2.519076852107038D-01  6.111373712671115D+00  6.108214295153275D+00
  6.032117222074465D-01 -2.757102963943423D-02  3.933026452172338D+00
 -1.312667334964187D-01 -4.506178891697007D-01  1.900799742490221D-01
  6.110937458478324D+00  6.107776334253233D+00  6.037405463276555D-01
 -2.757560316396034D-02  3.932758663069092D+00 -1.312668990039455D-01
 -4.509496548665022D-01  1.900278424647810D-01  7.234733852740756D+00
  5.170752672914608D+00  2.303855136092937D-02  5.943531113441067D+00
 -1.221459814381553D-01 -5.038955717805750D+00  9.872013929752134D-01
  9.821660834470869D-01  6.541163743038252D+00 -5.617579664171144D-12
 -2.303367966864199D-02  4.200032594297179D+00 -1.310561649675301D-01
 -5.617579664171144D-12  2.519076852107038D-01  2.473944886969927D-01
  6.108214295153275D+00  6.032117222074448D-01 -2.757102963943423D-02
  3.931464586288268D+00 -1.312667334964187D-01 -4.506178891696989D-01
  1.900799742490221D-01  1.868526083407253D-01  6.107776334253233D+00
  6.037405463276537D-01 -2.757560316396034D-02  3.931197714915816D+00
 -1.312668990039455D-01 -4.509496548665003D-01  1.900278424647810D-01
  1.868015685453695D-01

 -9.570282901376261D+00 -3.094247504931642D+00 -7.905493114642105D+00
 -6.264610717097351D+00  5.741423417483126D+00  4.217013287519231D+00
  5.276290719815499D+00  6.287318295473697D+00 -7.749829927657950D+00
 -2.041572442685798D+00 -7.149087762267221D+00 -6.350339129385357D+00
  5.853997240807587D+00  3.924401113234536D+00  3.634446254817644D+00
  5.329305171455508D+00 -6.442835296099675D+00 -2.539513600576030D+00
 -6.695348426660638D+00 -6.121619833713726D+00  5.763953935022042D+00
  4.146159616275870D+00  3.159636801534234D+00  4.606495128812436D+00
 -6.291632860717796D+00 -3.117568284746921D+00 -7.070366090627799D+00
 -6.078290032647559D+00  5.743124423856865D+00  4.557018159289119D+00
  3.361225342630387D+00  4.517060192686834D+00 -9.571584674852746D+00
 -9.573155887475302D+00 -1.634560187724149D+00 -1.091955229534443D+01
  1.298142262299458D+00  7.962568010081380D+00  1.956829336648463D+00
  6.288749263891189D+00 -9.567409804375442D+00 -9.568953831679703D+00
 -1.632582871661592D+00 -1.091939899753846D+01  1.298756494904718D+00
  7.961965850226041D+00  1.952760571883728D+00  6.286414072877398D+00
 -6.614524995275021D+00 -6.604534136209628D+00  1.745257866597316D-11
 -1.065540909964035D+01  2.021425421654211D+00  7.448575916796965D+00
  1.745257866597316D-11  4.702819700348145D+00 -6.295663660757669D+00
 -6.287885855915783D+00 -1.858304732386294D+00 -1.056315096742983D+01
  2.027263385368518D+00  7.310422676251334D+00  1.695108510061126D+00
  4.516841797919577D+00 -9.573155887475302D+00  1.956829336648451D+00
 -1.091955229534443D+01  1.298470048723030D+00  7.962568010081384D+00
 -1.634560187724156D+00  6.288749263891189D+00  6.288219995525923D+00
 -9.568953831679703D+00  1.952760571883716D+00 -1.091939899753846D+01
  1.299084446599127D+00  7.961965850226044D+00 -1.632582871661598D+00
  6.286414072877398D+00  6.285891360877567D+00 -6.604534136209628D+00
  1.745257866597316D-11 -1.065540909964035D+01  2.021689216252767D+00
  7.448575916796965D+00  1.745257866597316D-11  4.702819700348145D+00
  4.703007486035538D+00 -6.287885855915783D+00 -1.858304732386295D+00
 -1.056315096742983D+01  2.027381524957031D+00  7.310422676251334D+00
  1.695108510061119D+00  4.516841797919577D+00  4.517448197137708D+00
 -9.567409804375442D+00 -9.568953831679703D+00 -1.632582871661592D+00
 -1.091939899753846D+01  1.298756494904718D+00  7.961965850226041D+00
  1.952760571883728D+00  6.286414072877398D+00 -6.614524995275021D+00
 -6.604534136209628D+00  1.745257866597316D-11 -1.065540909964035D+01
  2.021425421654211D+00  7.448575916796965D+00  1.745257866597316D-11
  4.702819700348145D+00 -6.295663660757669D+00 -6.287885855915783D+00
 -1.858304732386294D+00 -1.056315096742983D+01  2.027263385368518D+00
  7.310422676251334D+00  1.695108510061126D+00  4.516841797919577D+00
 -6.295374749860485D+00 -6.287599379450465D+00 -1.860075275798679D+00
 -1.056307076353798D+01  2.027283651331214D+00  7.310307555340245D+00
  1.696579014671360D+00  4.516669817482062D+00 -9.568953831679703D+00
  1.952760571883716D+00 -1.091939899753846D+01  1.299084446599127D+00
  7.961965850226044D+00 -1.632582871661598D+00  6.286414072877398D+00
  6.285891360877567D+00 -6.604534136209628D+00  1.745257866597316D-11
 -1.065540909964035D+01  2.021689216252767D+00  7.448575916796965D+00
  1.745257866597316D-11  4.702819700348145D+00  4.703007486035538D+00
 -6.287885855915783D+00 -1.858304732386295D+00 -1.056315096742983D+01
  2.027381524957031D+00  7.310422676251334D+00  1.695108510061119D+00
  4.516841797919577D+00  4.517448197137708D+00 -6.287599379450465D+00
 -1.860075275798681D+00 -1.056307076353798D+01  2.027401695836379D+00
  7.310307555340245D+00  1.696579014671353D+00  4.516669817482062D+00
  4.517276649367306D+00

  1.199322398393732D+01  1.062929879734481D+01  8.870718398237388D+00
  7.953543327970411D+00  7.587903961062001D+00  6.979699342460256D+00
  6.579912969498961D+00  6.364055399803688D+00  1.070148194874703D+01
  6.569175085540353D+00  8.011663115109641D+00  8.082816840624080D+00
  7.814367832959549D+00  7.376915104808124D+00  4.460039079089474D+00
  5.353468569058177D+00  9.031152943244162D+00  4.463252402449856D+00
  7.108194458473314D+00  7.757267112237708D+00  7.702366147207899D+00
  7.093695542146462D+00  3.361096822844107D+00  4.611585499984987D+00
  8.769924525043985D+00  4.723850935287046D+00  7.378978564927045D+00
  7.701400924371941D+00  7.676993188453630D+00  7.180230911063467D+00
  3.468536098437262D+00  4.520989210029784D+00  1.199032983455705D+01
  1.199782010452911D+01  5.302385176890356D+00  1.091957668436928D+01
  6.086639834985460D+00  7.963504675814362D+00  5.535880923667221D+00
  6.365956010254179D+00  1.198863468194007D+01  1.199609317039555D+01
  5.296829387364681D+00  1.091942330172673D+01  6.084819858216461D+00
  7.962902727080570D+00  5.527201557348637D+00  6.363455703150859D+00
  9.303497943263379D+00  9.295520118293352D+00  1.833438581941841D-11
  1.065543399543620D+01  4.662056530201601D+00  7.449728780745225D+00
  1.833438581941841D-11  4.709561616100890D+00  8.774068018046828D+00
  8.766287150928868D+00  1.953755578422687D+00  1.056318694913562D+01
  4.424759191994877D+00  7.311601101042954D+00  1.753980998449358D+00
  4.520839548584297D+00  1.199782010452911D+01  5.535880923667218D+00
  1.091957668436929D+01  6.085669241149169D+00  7.963504675814366D+00
  5.302385176890357D+00  6.365956010254179D+00  6.364653237614419D+00
  1.199609317039555D+01  5.527201557348635D+00  1.091942330172673D+01
  6.083846028281598D+00  7.962902727080573D+00  5.296829387364681D+00
  6.363455703150859D+00  6.362160043273748D+00  9.295520118293352D+00
  1.833438581941841D-11  1.065543399543620D+01  4.661276765036744D+00
  7.449728780745225D+00  1.833438581941841D-11  4.709561616100890D+00
  4.709509894537217D+00  8.766287150928868D+00  1.953755578422687D+00
  1.056318694913562D+01  4.423425102901130D+00  7.311601101042954D+00
  1.753980998449351D+00  4.520839548584297D+00  4.521310884142613D+00
  1.198863468194007D+01  1.199609317039555D+01  5.296829387364681D+00
  1.091942330172673D+01  6.084819858216461D+00  7.962902727080570D+00
  5.527201557348637D+00  6.363455703150859D+00  9.303497943263379D+00
  9.295520118293352D+00  1.833438581941841D-11  1.065543399543620D+01
  4.662056530201601D+00  7.449728780745225D+00  1.833438581941841D-11
  4.709561616100890D+00  8.774068018046828D+00  8.766287150928868D+00
  1.953755578422687D+00  1.056318694913562D+01  4.424759191994877D+00
  7.311601101042954D+00  1.753980998449358D+00  4.520839548584297D+00
  8.773556853557995D+00  8.765776503295628D+00  1.955602893973505D+00
  1.056310675745543D+01  4.424530450217267D+00  7.311486001657856D+00
  1.755487380828316D+00  4.520665528554979D+00  1.199609317039555D+01
  5.527201557348635D+00  1.091942330172673D+01  6.083846028281598D+00
  7.962902727080573D+00  5.296829387364681D+00  6.363455703150859D+00
  6.362160043273748D+00  9.295520118293352D+00  1.833438581941841D-11
  1.065543399543620D+01  4.661276765036744D+00  7.449728780745225D+00
  1.833438581941841D-11  4.709561616100890D+00  4.709509894537217D+00
  8.766287150928868D+00  1.953755578422687D+00  1.056318694913562D+01
  4.423425102901130D+00  7.311601101042954D+00  1.753980998449351D+00
  4.520839548584297D+00  4.521310884142613D+00  8.765776503295628D+00
  1.955602893973506D+00  1.056310675745543D+01  4.423197159299997D+00
  7.311486001657856D+00  1.755487380828308D+00  4.520665528554979D+00
  4.521137373817581D+00

  9.322363504500277D+00  8.147470654354258D+00  6.790541582443750D+00
  6.420975501478594D+00  5.016462968860452D+00  5.239230448143186D+00
  6.899755090628364D+00  6.592760298093374D+00  9.322279136807667D+00
  7.998571147319291D+00  7.139159080664476D+00  6.575233178682796D+00
  4.945243512926215D+00  5.257566794065377D+00  6.659256367966393D+00
  6.345884066119380D+00  9.321873066357455D+00  8.047738192674901D+00
  7.722746970777449D+00  6.753023379940088D+00  4.869955691319489D+00
  5.187083229354808D+00  6.290424349807887D+00  6.073727922110966D+00
  9.321550978251029D+00  8.250206636826139D+00  7.931268103184414D+00
  6.769220740140694D+00  4.863834506704841D+00  5.101016719862533D+00
  6.151906887900765D+00  6.030972385862402D+00  9.323706557512644D+00
  9.321021006877794D+00  6.193112357561388D+00  7.514729749673928D+00
  5.604926642960405D+00  4.539943020532670D+00  7.236622822918383D+00
  6.593309581697908D+00  9.323706785285591D+00  9.321020442196486D+00
  6.193654522749301D+00  7.515554333695875D+00  5.604926642960439D+00
  4.539706582433669D+00  7.236144932920448D+00  6.592797145361740D+00
  9.323934563803713D+00  9.320455795129750D+00  6.787888333008974D+00
  8.441872873209171D+00  5.604926642995464D+00  4.314984231451263D+00
  6.787888333008974D+00  6.117352504739514D+00  9.322760978154665D+00
  9.320341935741563D+00  7.400168202976918D+00  8.543998133616684D+00
  5.604926642999288D+00  4.295842327253668D+00  6.277898147969877D+00
  6.031133328608537D+00  9.321021006877794D+00  7.236622822918385D+00
  7.514729749673927D+00  5.604926642960424D+00  4.539943020532671D+00
  6.193112357561389D+00  6.593309581697908D+00  6.592723509101216D+00
  9.321020442196486D+00  7.236144932920450D+00  7.515554333695873D+00
  5.604926642960459D+00  4.539706582433670D+00  6.193654522749302D+00
  6.592797145361740D+00  6.592211048146681D+00  9.320455795129750D+00
  6.787888333008974D+00  8.441872873209171D+00  5.604926642995498D+00
  4.314984231451263D+00  6.787888333008974D+00  6.117352504739514D+00
  6.116748266917048D+00  9.320341935741563D+00  7.400168202976918D+00
  8.543998133616684D+00  5.604926642999311D+00  4.295842327253668D+00
  6.277898147969879D+00  6.031133328608537D+00  6.030896272671305D+00
  9.323706785285591D+00  9.321020442196486D+00  6.193654522749301D+00
  7.515554333695875D+00  5.604926642960439D+00  4.539706582433669D+00
  7.236144932920448D+00  6.592797145361740D+00  9.323934563803713D+00
  9.320455795129750D+00  6.787888333008974D+00  8.441872873209171D+00
  5.604926642995464D+00  4.314984231451263D+00  6.787888333008974D+00
  6.117352504739514D+00  9.322760978154665D+00  9.320341935741563D+00
  7.400168202976918D+00  8.543998133616684D+00  5.604926642999288D+00
  4.295842327253668D+00  6.277898147969877D+00  6.031133328608537D+00
  9.322759804716881D+00  9.320341821883567D+00  7.400835771820381D+00
  8.544101495584258D+00  5.604926642999292D+00  4.295823270350310D+00
  6.277426509994951D+00  6.031048325820573D+00  9.321020442196486D+00
  7.236144932920450D+00  7.515554333695873D+00  5.604926642960459D+00
  4.539706582433670D+00  6.193654522749302D+00  6.592797145361740D+00
  6.592211048146681D+00  9.320455795129750D+00  6.787888333008974D+00
  8.441872873209171D+00  5.604926642995498D+00  4.314984231451263D+00
  6.787888333008974D+00  6.117352504739514D+00  6.116748266917048D+00
  9.320341935741563D+00  7.400168202976918D+00  8.543998133616684D+00
  5.604926642999311D+00  4.295842327253668D+00  6.277898147969879D+00
  6.031133328608537D+00  6.030896272671305D+00  9.320341821883567D+00
  7.400835771820381D+00  8.544101495584258D+00  5.604926642999314D+00
  4.295823270350310D+00  6.277426509994953D+00  6.031048325820573D+00
  6.030811626846026D+00

  1.519025618081960D+01  1.339265735344557D+01  1.117144126260014D+01
  1.022192632826567D+01  9.096218293348540D+00  8.727298470883804D+00
  9.534247479315432D+00  9.163279406407224D+00  1.419248407446414D+01
  1.035042036359938D+01  1.073099893994228D+01  1.041948268548527D+01
  9.247690416040738D+00  9.058746329244745D+00  8.014838985363726D+00
  8.302401477917195D+00  1.297917720618485D+01  9.202538346880859D+00
  1.049605874765014D+01  1.028486839102097D+01  9.112788415247515D+00
  8.787852347014173D+00  7.132069149495729D+00  7.626066593959311D+00
  1.279855026224067D+01  9.506875259996965D+00  1.083302074152188D+01
  1.025348358494165D+01  9.088075182577230D+00  8.807728850986980D+00
  7.062343876048748D+00  7.537371647745689D+00  1.518879565706489D+01
  1.519306157004901D+01  8.152909249923376D+00  1.325550143059310D+01
  8.274200091477075D+00  9.166705479691190D+00  9.111239623794660D+00
  9.164994662551678D+00  1.518745764619599D+01  1.519169751662584D+01
  8.149709068796442D+00  1.325584256790294D+01  8.272861378018682D+00
  9.166065442464328D+00  9.105588973031205D+00  9.162889428878486D+00
  1.317159176904597D+01  1.316349461573803D+01  6.787888333008974D+00
  1.359424478367674D+01  7.290402853351506D+00  8.609154884443466D+00
  6.787888333008974D+00  7.720231362018475D+00  1.280227096421239D+01
  1.279517738101678D+01  7.653734401752414D+00  1.358605250356536D+01
  7.140987087269268D+00  8.480198816147929D+00  6.518316845567191D+00
  7.537410659602976D+00  1.519306157004901D+01  9.111239623794660D+00
  1.325550143059310D+01  8.273486132558435D+00  9.166705479691194D+00
  8.152909249923377D+00  9.164994662551678D+00  9.163668157595602D+00
  1.519169751662584D+01  9.105588973031205D+00  1.325584256790294D+01
  8.272145137073320D+00  9.166065442464330D+00  8.149709068796444D+00
  9.162889428878486D+00  9.161567929101230D+00  1.316349461573803D+01
  6.787888333008974D+00  1.359424478367674D+01  7.289904234873884D+00
  8.609154884443466D+00  6.787888333008974D+00  7.720231362018475D+00
  7.719721031719777D+00  1.279517738101678D+01  7.653734401752414D+00
  1.358605250356536D+01  7.140160524412557D+00  8.480198816147929D+00
  6.518316845567192D+00  7.537410659602976D+00  7.537503695706365D+00
  1.518745764619599D+01  1.519169751662584D+01  8.149709068796442D+00
  1.325584256790294D+01  8.272861378018682D+00  9.166065442464328D+00
  9.105588973031205D+00  9.162889428878486D+00  1.317159176904597D+01
  1.316349461573803D+01  6.787888333008974D+00  1.359424478367674D+01
  7.290402853351506D+00  8.609154884443466D+00  6.787888333008974D+00
  7.720231362018475D+00  1.280227096421239D+01  1.279517738101678D+01
  7.653734401752414D+00  1.358605250356536D+01  7.140987087269268D+00
  8.480198816147929D+00  6.518316845567191D+00  7.537410659602976D+00
  1.280191978724516D+01  1.279482744637385D+01  7.654851585783602D+00
  1.358605515726496D+01  7.140845354599350D+00  8.480089924200215D+00
  6.518268139056175D+00  7.537238269382786D+00  1.519169751662584D+01
  9.105588973031205D+00  1.325584256790294D+01  8.272145137073320D+00
  9.166065442464330D+00  8.149709068796444D+00  9.162889428878486D+00
  9.161567929101230D+00  1.316349461573803D+01  6.787888333008974D+00
  1.359424478367674D+01  7.289904234873884D+00  8.609154884443466D+00
  6.787888333008974D+00  7.720231362018475D+00  7.719721031719777D+00
  1.279517738101678D+01  7.653734401752414D+00  1.358605250356536D+01
  7.140160524412557D+00  8.480198816147929D+00  6.518316845567192D+00
  7.537410659602976D+00  7.537503695706365D+00  1.279482744637385D+01
  7.654851585783602D+00  1.358605515726496D+01  7.140019312539926D+00
  8.480089924200215D+00  6.518268139056175D+00  7.537238269382786D+00
  7.537331890757587D+00
iogridue                                                    
