1.199119999999999964e+00 -1.417520000000000113e+00
# START
1.03e+00 -1.271920000000000162e+00
1.03e+00 0.805680000000000138e+00
# WSTART
1.08e+00 0.805680000000000138e+00
1.08e+00 1.215680000000000138e+00
# WEND
1.08e+00 1.215680000000000138e+00
1.08e+00 1.235680000000000138e+00
1.095e+00 1.235680000000000138e+00
1.095e+00 1.255680000000000138e+00
# END
1.211200000000000161e+00 1.341920000000000055e+00
1.331200000000000161e+00 1.341920000000000055e+00
#1.475760000000000183e+00 1.401920000000000055e+00
2.152800000000000047e+00 1.091600000000000117e+00
2.213119999999999976e+00 1.081600000000000117e+00
2.434799999999999986e+00 7.373600000000000154e-01
2.453142400000000372e+00 7.398872000000000138e-01
2.450963200000000111e+00 7.324631999999999921e-01
2.445071200000000111e+00 1.769872000000000112e-01
2.455643199999999684e+00 7.292479999999999796e-02
2.455300000000000029e+00 -3.306159999999999655e-02
2.444530400000000103e+00 -1.501240000000000074e-01
2.442648000000000152e+00 -3.397575999999999929e-01
2.441504000000000119e+00 -4.022408000000000095e-01
2.433807999999999971e+00 -4.711616000000000137e-01
2.219359999999999999e+00 -1.011919999999999931e+00
1.838720000000000132e+00 -1.300000000000000044e+00
1.476799999999999891e+00 -1.417520000000000113e+00
1.199119999999999964e+00 -1.417520000000000113e+00
