1.187590000000000146e+00 -1.403890000000000082e+00
1.046480000000000077e+00 -1.259690000000000198e+00
1.031029999999999891e+00 1.253510000000000124e+00
1.318400000000000016e+00 1.388440000000000119e+00
1.461570000000000036e+00 1.388440000000000119e+00
2.132099999999999884e+00 1.071200000000000152e+00
2.191840000000000011e+00 1.022790000000000088e+00
2.312350000000000350e+00 7.302699999999999747e-01
2.409746800000000189e+00 4.752728999999999981e-01
2.417492399999999986e+00 4.283048999999999884e-01
2.421560900000000238e+00 1.752854000000000079e-01
2.422127399999999930e+00 7.222359999999999891e-02
2.421787499999999760e+00 -3.274370000000000058e-02
2.421025300000000158e+00 -1.486805000000000210e-01
2.419160999999999895e+00 -3.364906999999999759e-01
2.418028000000000066e+00 -3.983731000000000355e-01
2.410406000000000049e+00 -4.666312000000000237e-01
2.198020000000000085e+00 -1.002189999999999914e+00
1.821039999999999992e+00 -1.287500000000000089e+00
1.462599999999999900e+00 -1.403890000000000082e+00
1.187590000000000146e+00 -1.403890000000000082e+00
