1.210650000000000004e+00 -1.431150000000000144e+00
1.066799999999999971e+00 -1.284150000000000125e+00
1.051050000000000040e+00 1.277850000000000152e+00
1.344000000000000083e+00 1.415400000000000214e+00
1.489950000000000108e+00 1.415400000000000214e+00
2.173499999999999766e+00 1.092000000000000082e+00
2.234400000000000386e+00 1.042650000000000077e+00
2.357250000000000068e+00 7.444499999999999451e-01
2.456538000000000110e+00 4.845015000000000294e-01
2.464434000000000236e+00 4.366214999999999957e-01
2.468581500000000428e+00 1.786890000000000145e-01
2.469158999999999882e+00 7.362600000000001088e-02
2.468812499999999854e+00 -3.337949999999999945e-02
2.468035500000000049e+00 -1.515675000000000217e-01
2.466134999999999966e+00 -3.430245000000000100e-01
2.464980000000000171e+00 -4.061085000000000389e-01
2.457209999999999894e+00 -4.756920000000000037e-01
2.240699999999999914e+00 -1.021649999999999947e+00
1.856400000000000050e+00 -1.312500000000000000e+00
1.490999999999999881e+00 -1.431150000000000144e+00
1.210650000000000004e+00 -1.431150000000000144e+00
