1.193354999999999944e+00 -1.410704999999999876e+00
1.051559999999999828e+00 -1.265805000000000069e+00
1.036034999999999817e+00 1.259595000000000020e+00
1.324799999999999978e+00 1.395180000000000087e+00
1.468664999999999887e+00 1.395180000000000087e+00
2.142449999999999743e+00 1.076400000000000023e+00
2.202479999999999993e+00 1.027754999999999974e+00
2.323574999999999946e+00 7.338149999999998840e-01
2.421444600000000058e+00 4.775800499999999782e-01
2.429227800000000048e+00 4.303840499999999625e-01
2.433316050000000175e+00 1.761362999999999956e-01
2.433885299999999585e+00 7.257419999999999149e-02
2.433543749999999672e+00 -3.290264999999999856e-02
2.432777849999999464e+00 -1.494022499999999865e-01
2.430904500000000024e+00 -3.381241499999999567e-01
2.429765999999999870e+00 -4.003069499999999947e-01
2.422106999999999566e+00 -4.688963999999999355e-01
2.208689999999999820e+00 -1.007054999999999811e+00
1.829879999999999951e+00 -1.293749999999999956e+00
1.469699999999999784e+00 -1.410704999999999876e+00
1.193354999999999944e+00 -1.410704999999999876e+00
