1.268300000000000205e+00 -1.499300000000000077e+00
1.117600000000000149e+00 -1.345300000000000162e+00
1.101099999999999968e+00 1.338700000000000223e+00
1.408000000000000140e+00 1.482800000000000118e+00
1.560900000000000176e+00 1.482800000000000118e+00
2.277000000000000135e+00 1.144000000000000128e+00
2.340800000000000214e+00 1.092300000000000049e+00
2.469500000000000473e+00 7.799000000000000377e-01
2.573516000000000137e+00 5.075730000000000519e-01
2.581788000000000416e+00 4.574130000000000140e-01
2.586133000000000237e+00 1.871980000000000033e-01
2.586737999999999982e+00 7.713200000000000611e-02
2.586374999999999869e+00 -3.496900000000000008e-02
2.585561000000000220e+00 -1.587850000000000095e-01
2.583570000000000366e+00 -3.593589999999999840e-01
2.582359999999999989e+00 -4.254470000000000196e-01
2.574219999999999953e+00 -4.983440000000000647e-01
2.347399999999999931e+00 -1.070300000000000029e+00
1.944800000000000084e+00 -1.375000000000000000e+00
1.562000000000000055e+00 -1.499300000000000077e+00
1.268300000000000205e+00 -1.499300000000000077e+00
