1.181824999999999903e+00 -1.397074999999999845e+00
1.041399999999999881e+00 -1.253574999999999884e+00
1.026024999999999743e+00 1.247425000000000006e+00
1.311999999999999833e+00 1.381699999999999928e+00
1.454474999999999962e+00 1.381699999999999928e+00
2.121749999999999581e+00 1.065999999999999837e+00
2.181200000000000028e+00 1.017824999999999980e+00
2.301124999999999865e+00 7.267249999999999543e-01
2.398048999999999875e+00 4.729657499999999626e-01
2.405756999999999923e+00 4.262257499999999588e-01
2.409805749999999858e+00 1.744344999999999923e-01
2.410369499999999388e+00 7.187299999999999245e-02
2.410031249999999847e+00 -3.258474999999999566e-02
2.409272749999999519e+00 -1.479587500000000000e-01
2.407417499999999766e+00 -3.348572499999999397e-01
2.406289999999999818e+00 -3.964392499999999653e-01
2.398704999999999643e+00 -4.643659999999999455e-01
2.187349999999999905e+00 -9.973249999999999060e-01
1.812199999999999811e+00 -1.281250000000000000e+00
1.455499999999999794e+00 -1.397074999999999845e+00
1.181824999999999903e+00 -1.397074999999999845e+00
