   EFITD   06/02/2006    #160299  2231             3  65  65
  1.70000005e+00  3.20000005e+00  1.69550002e+00  8.39999974e-01  0.00000000e+00
  1.70052898e+00  4.18670895e-03 -3.03013086e-01  6.03023469e-02 -2.00320935e+00
  1.27468550e+06 -3.03013086e-01  0.00000000e+00  1.70052898e+00  0.00000000e+00
  4.18670895e-03  0.00000000e+00  6.03023469e-02  0.00000000e+00  0.00000000e+00
 -3.62819028e+00 -3.61913490e+00 -3.61029792e+00 -3.60167837e+00 -3.59327412e+00
 -3.58508372e+00 -3.57710552e+00 -3.56933761e+00 -3.56177831e+00 -3.55442595e+00
 -3.54727840e+00 -3.54033399e+00 -3.53359032e+00 -3.52704549e+00 -3.52069759e+00
 -3.51454449e+00 -3.50858378e+00 -3.50281310e+00 -3.49723053e+00 -3.49183369e+00
 -3.48661995e+00 -3.48158693e+00 -3.47673249e+00 -3.47205377e+00 -3.46754861e+00
 -3.46321392e+00 -3.45904756e+00 -3.45504665e+00 -3.45120835e+00 -3.44753027e+00
 -3.44400954e+00 -3.44064307e+00 -3.43742847e+00 -3.43436241e+00 -3.43144250e+00
 -3.42866564e+00 -3.42602849e+00 -3.42352867e+00 -3.42116284e+00 -3.41892815e+00
 -3.41682148e+00 -3.41483974e+00 -3.41297984e+00 -3.41123867e+00 -3.40961313e+00
 -3.40810013e+00 -3.40669632e+00 -3.40539885e+00 -3.40420413e+00 -3.40310931e+00
 -3.40211082e+00 -3.40120578e+00 -3.40039086e+00 -3.39966249e+00 -3.39901781e+00
 -3.39845347e+00 -3.39796591e+00 -3.39755201e+00 -3.39720869e+00 -3.39693236e+00
 -3.39671993e+00 -3.39656782e+00 -3.39647293e+00 -3.39643192e+00 -3.39644146e+00
  4.31738135e+03  4.47436426e+03  4.62422168e+03  4.76695410e+03  4.90256152e+03
  5.03104346e+03  5.15240039e+03  5.26663232e+03  5.37373877e+03  5.47372070e+03
  5.56657666e+03  5.65230811e+03  5.73091455e+03  5.80239551e+03  5.86675146e+03
  5.92398193e+03  5.97408789e+03  6.01706836e+03  6.05292334e+03  6.08165381e+03
  6.10325879e+03  6.11773877e+03  6.12509375e+03  6.12532324e+03  6.11842773e+03
  6.10440723e+03  6.08326172e+03  6.05499072e+03  6.01959473e+03  5.97707373e+03
  5.92742725e+03  5.87065576e+03  5.80675928e+03  5.73573779e+03  5.65759082e+03
  5.57231934e+03  5.47992188e+03  5.38039990e+03  5.27375244e+03  5.15997998e+03
  5.03908252e+03  4.91105957e+03  4.77591211e+03  4.63363867e+03  4.48424072e+03
  4.32771729e+03  4.16406934e+03  3.99329565e+03  3.81539697e+03  3.63037305e+03
  3.43822412e+03  3.23895020e+03  3.03255103e+03  2.81902661e+03  2.59837720e+03
  2.37060254e+03  2.13570264e+03  1.89367786e+03  1.64452783e+03  1.38825269e+03
  1.12485242e+03  8.54327026e+02  5.76676514e+02  2.91900818e+02  0.00000000e+00
 -5.85750628e+00 -5.70306301e+00 -5.55060720e+00 -5.40013885e+00 -5.25165796e+00
 -5.10516405e+00 -4.96065807e+00 -4.81813908e+00 -4.67760754e+00 -4.53906345e+00
 -4.40250683e+00 -4.26793718e+00 -4.13535500e+00 -4.00476074e+00 -3.87615323e+00
 -3.74953341e+00 -3.62490082e+00 -3.50225568e+00 -3.38159800e+00 -3.26292753e+00
 -3.14624453e+00 -3.03154874e+00 -2.91884065e+00 -2.80811977e+00 -2.69938612e+00
 -2.59263992e+00 -2.48788118e+00 -2.38510990e+00 -2.28432584e+00 -2.18552923e+00
 -2.08871984e+00 -1.99389803e+00 -1.90106356e+00 -1.81021643e+00 -1.72135663e+00
 -1.63448429e+00 -1.54959929e+00 -1.46670163e+00 -1.38579130e+00 -1.30686843e+00
 -1.22993290e+00 -1.15498483e+00 -1.08202410e+00 -1.01105070e+00 -9.42064703e-01
 -8.75066102e-01 -8.10054839e-01 -7.47030973e-01 -6.85994446e-01 -6.26945317e-01
 -5.69883585e-01 -5.14809191e-01 -4.61722195e-01 -4.10622597e-01 -3.61510336e-01
 -3.14385474e-01 -2.69247979e-01 -2.26097867e-01 -1.84935123e-01 -1.45759761e-01
 -1.08571768e-01 -7.33711571e-02 -4.01579179e-02 -8.93205404e-03  2.03064326e-02
  2.82809160e+04  2.70257852e+04  2.57706543e+04  2.45155234e+04  2.32603906e+04
  2.20052598e+04  2.07501289e+04  1.94949980e+04  1.82398652e+04  1.69847344e+04
  1.57296025e+04  1.44744717e+04  1.32193398e+04  1.19642090e+04  1.07090771e+04
  9.45394629e+03  8.19881445e+03  6.94368359e+03  5.68855225e+03  4.43342090e+03
  3.17828931e+03  1.92315796e+03  6.68026550e+02 -5.87104797e+02 -1.84223621e+03
 -3.09736743e+03 -4.35249902e+03 -5.60763037e+03 -6.86276172e+03 -8.11789307e+03
 -9.37302441e+03 -1.06281562e+04 -1.18832871e+04 -1.31384189e+04 -1.43935498e+04
 -1.56486816e+04 -1.69038125e+04 -1.81589434e+04 -1.94140762e+04 -2.06692070e+04
 -2.19243379e+04 -2.31794688e+04 -2.44346016e+04 -2.56897324e+04 -2.69448633e+04
 -2.81999941e+04 -2.94551270e+04 -3.07102578e+04 -3.19653887e+04 -3.32205195e+04
 -3.44756523e+04 -3.57307812e+04 -3.69859141e+04 -3.82410469e+04 -3.94961758e+04
 -4.07513086e+04 -4.20064414e+04 -4.32615703e+04 -4.45167031e+04 -4.57718359e+04
 -4.70269648e+04 -4.82820977e+04 -4.95372266e+04 -5.07923594e+04 -5.20474922e+04
  7.89054632e-02  7.03092963e-02  6.09084107e-02  5.06584086e-02  3.96436602e-02
  2.80764196e-02  1.62624642e-02  4.54307208e-03 -3.97685077e-03 -6.13992009e-03
 -9.02103167e-03 -1.57795548e-02 -2.40490157e-02 -2.95213126e-02 -3.28761078e-02
 -3.43568921e-02 -3.39723937e-02 -3.15935351e-02 -2.68948656e-02 -1.92104876e-02
 -7.26497127e-03  4.81026666e-03  1.38477003e-02  2.08531767e-02  2.63271071e-02
  3.04907896e-02  3.33851837e-02  3.48895453e-02  3.46850231e-02  3.22832093e-02
  3.17810774e-02  3.45413536e-02  4.01562676e-02  4.88594770e-02  6.07732013e-02
  7.63260871e-02  9.39562246e-02  1.09511212e-01  1.23636402e-01  1.36755094e-01
  1.49153724e-01  1.61032349e-01  1.72530189e-01  1.83740169e-01  1.94719329e-01
  2.05497220e-01  2.16082290e-01  2.26466581e-01  2.36629084e-01  2.46538281e-01
  2.56154388e-01  2.65431345e-01  2.74318874e-01  2.82764822e-01  2.90717661e-01
  2.98128903e-01  3.04955572e-01  3.11162591e-01  3.16724569e-01  3.21626991e-01
  3.25866908e-01  3.29452693e-01  3.32403332e-01  3.34746987e-01  3.36519390e-01
  7.49934390e-02  6.50033355e-02  5.38648739e-02  4.14078645e-02  2.76273787e-02
  1.27870087e-02 -7.89629761e-04 -9.75602679e-03 -1.34536000e-02 -1.17513277e-02
 -1.12214526e-02 -1.37057910e-02 -1.74257811e-02 -2.04394925e-02 -2.23134924e-02
 -2.28963643e-02 -2.20586974e-02 -1.96423400e-02 -1.54452147e-02 -9.24098119e-03
 -1.01527944e-03  7.58110685e-03  1.50299976e-02  2.12652739e-02  2.63718590e-02
  3.03911678e-02  3.32812853e-02  3.48850787e-02  3.48708034e-02  3.27745751e-02
  3.25112455e-02  3.54789607e-02  4.13374715e-02  5.02082668e-02  6.23026341e-02
  7.81230032e-02  9.60017145e-02  1.12007320e-01  1.26735270e-01  1.40582815e-01
  1.53807476e-01  1.66583940e-01  1.79032370e-01  1.91233605e-01  2.03237981e-01
  2.15071216e-01  2.26738349e-01  2.38226727e-01  2.49508232e-01  2.60541111e-01
  2.71272033e-01  2.81637996e-01  2.91568935e-01  3.00990939e-01  3.09829712e-01
  3.18014771e-01  3.25483441e-01  3.32184851e-01  3.38082999e-01  3.43158960e-01
  3.47411662e-01  3.50857615e-01  3.53528917e-01  3.55470866e-01  3.56738716e-01
  7.33415633e-02  6.26566708e-02  5.04355989e-02  3.60553414e-02  1.92701649e-02
  5.81483310e-03 -2.97643291e-03 -6.88429922e-03 -5.74127398e-03 -3.81236896e-03
 -3.00908927e-03 -3.30944196e-03 -4.20474540e-03 -5.11916028e-03 -5.60905365e-03
 -5.38371177e-03 -4.25627828e-03 -2.10990221e-03  1.10238371e-03  5.32025797e-03
  1.03125377e-02  1.56747662e-02  2.09858324e-02  2.59604976e-02  3.04470062e-02
  3.43661606e-02  3.76682878e-02  4.03184406e-02  4.23226729e-02  4.39721756e-02
  4.66051921e-02  5.11227250e-02  5.77194132e-02  6.64915890e-02  7.75088668e-02
  9.07118917e-02  1.05153225e-01  1.19496688e-01  1.33499876e-01  1.47186130e-01
  1.60617918e-01  1.73858643e-01  1.86961457e-01  1.99965343e-01  2.12893665e-01
  2.25753710e-01  2.38536358e-01  2.51216024e-01  2.63750494e-01  2.76081055e-01
  2.88133204e-01  2.99817830e-01  3.11034024e-01  3.21672827e-01  3.31622809e-01
  3.40776533e-01  3.49037856e-01  3.56328934e-01  3.62596005e-01  3.67813319e-01
  3.71984333e-01  3.75140518e-01  3.77337545e-01  3.78650069e-01  3.79165560e-01
  7.45273903e-02  6.42747357e-02  5.27088903e-02  3.93478051e-02  2.46540103e-02
  1.51343038e-02  1.15495985e-02  1.06076486e-02  1.01600476e-02  9.89148952e-03
  9.58165061e-03  9.16275568e-03  8.71470012e-03  8.40264745e-03  8.40959325e-03
  8.89417715e-03  9.97263007e-03  1.17117595e-02  1.41230626e-02  1.71562377e-02
  2.06988826e-02  2.45930720e-02  2.86696497e-02  3.27835046e-02  3.68330888e-02
  4.07651365e-02  4.45765518e-02  4.83253822e-02  5.21580577e-02  5.63412830e-02
  6.12372719e-02  6.71874955e-02  7.44204745e-02  8.30408782e-02  9.30320546e-02
  1.04237162e-01  1.16361409e-01  1.29071072e-01  1.42117977e-01  1.55364394e-01
  1.68747246e-01  1.82243288e-01  1.95847109e-01  2.09558323e-01  2.23373666e-01
  2.37281770e-01  2.51259238e-01  2.65267372e-01  2.79249012e-01  2.93126255e-01
  3.06798190e-01  3.20140600e-01  3.33007336e-01  3.45234901e-01  3.56650591e-01
  3.67083699e-01  3.76379192e-01  3.84411424e-01  3.91095698e-01  3.96395743e-01
  4.00325894e-01  4.02947575e-01  4.04360861e-01  4.04693276e-01  4.04087186e-01
  7.80567676e-02  6.91566914e-02  5.97409755e-02  4.97786179e-02  4.02221307e-02
  3.45176458e-02  3.05083655e-02  2.76363716e-02  2.55381521e-02  2.39628647e-02
  2.27468554e-02  2.18055081e-02  2.11224463e-02  2.07303073e-02  2.06874572e-02
  2.10569333e-02  2.18909159e-02  2.32206229e-02  2.50505507e-02  2.73567084e-02
  3.00895497e-02  3.31822298e-02  3.65629867e-02  4.01685759e-02  4.39556204e-02
  4.79089469e-02  5.20478599e-02  5.64314686e-02  6.11616932e-02  6.63788617e-02
  7.22441748e-02  7.89108649e-02  8.64957497e-02  9.50606987e-02  1.04604751e-01
  1.15065955e-01  1.26335800e-01  1.38286024e-01  1.50797442e-01  1.63777247e-01
  1.77162051e-01  1.90912470e-01  2.05005139e-01  2.19425023e-01  2.34158859e-01
  2.49189287e-01  2.64489353e-01  2.80017108e-01  2.95709401e-01  3.11475664e-01
  3.27191085e-01  3.42691094e-01  3.57768446e-01  3.72175962e-01  3.85637611e-01
  3.97869200e-01  4.08606052e-01  4.17632431e-01  4.24806416e-01  4.30075496e-01
  4.33480412e-01  4.35146213e-01  4.35262322e-01  4.34056133e-01  4.31766629e-01
  8.23844373e-02  7.47841075e-02  6.78148940e-02  6.11591451e-02  5.49912825e-02
  4.97035459e-02  4.53622863e-02  4.18520719e-02  3.90262567e-02  3.67563479e-02
  3.49456705e-02  3.35322618e-02  3.24863456e-02  3.18038650e-02  3.14977020e-02
  3.15884016e-02  3.20960023e-02  3.30339111e-02  3.44051346e-02  3.62010784e-02
  3.84029374e-02  4.09853831e-02  4.39219698e-02  4.71912548e-02  5.07826284e-02
  5.47011532e-02  5.89709468e-02  6.36366457e-02  6.87622279e-02  7.44263008e-02
  8.07135999e-02  8.77039060e-02  9.54610035e-02  1.04024291e-01  1.13404796e-01
  1.23586252e-01  1.34531111e-01  1.46189958e-01  1.58511728e-01  1.71451598e-01
  1.84975326e-01  1.99060053e-01  2.13692635e-01  2.28866681e-01  2.44578734e-01
  2.60823816e-01  2.77590275e-01  2.94853032e-01  3.12565356e-01  3.30647349e-01
  3.48971546e-01  3.67345482e-01  3.85493785e-01  4.03046817e-01  4.19548571e-01
  4.34495002e-01  4.47400153e-01  4.57867056e-01  4.65641528e-01  4.70643789e-01
  4.72977877e-01  4.72913474e-01  4.70834494e-01  4.67169464e-01  4.62330133e-01
  8.73487890e-02  8.07531625e-02  7.52451569e-02  7.02110603e-02  6.53769895e-02
  6.09085709e-02  5.69045842e-02  5.33960834e-02  5.03710657e-02  4.77991141e-02
  4.56478111e-02  4.38916050e-02  4.25153226e-02  4.15141620e-02  4.08914536e-02
  4.06554155e-02  4.08157259e-02  4.13806401e-02  4.23550978e-02  4.37399931e-02
  4.55326922e-02  4.77286689e-02  5.03239371e-02  5.33179045e-02  5.67161478e-02
  6.05327338e-02  6.47916347e-02  6.95269778e-02  7.47818425e-02  8.06054845e-02
  8.70492905e-02  9.41618830e-02  1.01984464e-01  1.10547200e-01  1.19867466e-01
  1.29950196e-01  1.40790358e-01  1.52376756e-01  1.64696470e-01  1.77738860e-01
  1.91498533e-01  2.05977082e-01  2.21183598e-01  2.37134159e-01  2.53850549e-01
  2.71358073e-01  2.89682180e-01  3.08843315e-01  3.28848720e-01  3.49679083e-01
  3.71266752e-01  3.93460274e-01  4.15970027e-01  4.38294917e-01  4.59659606e-01
  4.79063720e-01  4.95514929e-01  5.08250535e-01  5.16806185e-01  5.21037221e-01
  5.21167755e-01  5.17819703e-01  5.11872113e-01  5.04192948e-01  4.95485693e-01
  9.26757157e-02  8.68203640e-02  8.21867734e-02  7.79910907e-02  7.38838539e-02
  6.99571893e-02  6.62827566e-02  6.29090294e-02  5.98635748e-02  5.71592748e-02
  5.48009127e-02  5.27904816e-02  5.11305444e-02  4.98258658e-02  4.88836914e-02
  4.83131744e-02  4.81243692e-02  4.83272448e-02  4.89309765e-02  4.99436297e-02
  5.13724163e-02  5.32243773e-02  5.55074736e-02  5.82318678e-02  6.14112280e-02
  6.50637373e-02  6.92126751e-02  7.38863423e-02  7.91173354e-02  8.49410892e-02
  9.13939402e-02  9.85109657e-02  1.06323905e-01  1.14859663e-01  1.24139614e-01
  1.34179860e-01  1.44992441e-01  1.56587303e-01  1.68974698e-01  1.82167590e-01
  1.96183950e-01  2.11048782e-01  2.26795748e-01  2.43468389e-01  2.61121392e-01
  2.79821366e-01  2.99647599e-01  3.20692152e-01  3.43058527e-01  3.66857380e-01
  3.92194748e-01  4.19143558e-01  4.47673291e-01  4.77485090e-01  5.07628024e-01
  5.35241067e-01  5.57807863e-01  5.74290454e-01  5.84031343e-01  5.86631000e-01
  5.82035065e-01  5.71627915e-01  5.58500111e-01  5.44273317e-01  5.29891431e-01
  9.81481597e-02  9.28403661e-02  8.87168273e-02  8.50090608e-02  8.13181549e-02
  7.77067915e-02  7.42325336e-02  7.09441081e-02  6.78801835e-02  6.50703385e-02
  6.25371784e-02  6.02987148e-02  5.83704188e-02  5.67666739e-02  5.55016063e-02
  5.45894802e-02  5.40446974e-02  5.38817197e-02  5.41149676e-02  5.47587685e-02
  5.58274835e-02  5.73356897e-02  5.92984967e-02  6.17322065e-02  6.46549463e-02
  6.80871308e-02  7.20517263e-02  7.65741989e-02  8.16821158e-02  8.74044523e-02
  9.37707052e-02  1.00809962e-01  1.08550012e-01  1.17016837e-01  1.26234442e-01
  1.36225224e-01  1.47010773e-01  1.58613265e-01  1.71057090e-01  1.84370697e-01
  1.98588803e-01  2.13754520e-01  2.29921907e-01  2.47158617e-01  2.65549302e-01
  2.85199821e-01  3.06242555e-01  3.28844070e-01  3.53215516e-01  3.79628122e-01
  4.08436656e-01  4.40118819e-01  4.75348920e-01  5.15175462e-01  5.60484886e-01
  6.01140082e-01  6.32610738e-01  6.54664695e-01  6.66788816e-01  6.67773843e-01
  6.57235444e-01  6.33484244e-01  6.07662976e-01  5.83802998e-01  5.62098026e-01
  1.03735887e-01  9.88254547e-02  9.50212032e-02  9.15843248e-02  8.80957097e-02
  8.46113861e-02  8.11884329e-02  7.78778419e-02  7.47232288e-02  7.17611611e-02
  6.90223426e-02  6.65330142e-02  6.43163100e-02  6.23934083e-02  6.07843362e-02
  5.95086105e-02  5.85855842e-02  5.80347367e-02  5.78758679e-02  5.81292324e-02
  5.88155612e-02  5.99557608e-02  6.15697056e-02  6.36775717e-02  6.63002282e-02
  6.94595054e-02  7.31783882e-02  7.74810538e-02  8.23927000e-02  8.79392028e-02
  9.41468030e-02  1.01041719e-01  1.08649857e-01  1.16996735e-01  1.26107618e-01
  1.36007980e-01  1.46724179e-01  1.58284649e-01  1.70721114e-01  1.84070438e-01
  1.98376432e-01  2.13692337e-01  2.30083540e-01  2.47631118e-01  2.66436338e-01
  2.86626488e-01  3.08363140e-01  3.31853747e-01  3.57368439e-01  3.85265768e-01
  4.16032702e-01  4.50349569e-01  4.89196122e-01  5.34005821e-01  5.86745560e-01
  6.40842199e-01  6.82087004e-01  7.10285485e-01  7.25712299e-01  7.28174865e-01
  7.15836465e-01  6.87670469e-01  6.48283660e-01  6.14586771e-01  5.85968792e-01
  1.09544225e-01  1.04924530e-01  1.01359405e-01  9.80008617e-02  9.45027992e-02
  9.09514055e-02  8.74154270e-02  8.39500874e-02  8.06005523e-02  7.74047971e-02
  7.43955895e-02  7.16020316e-02  6.90506548e-02  6.67663142e-02  6.47728890e-02
  6.30938113e-02  6.17525466e-02  6.07729815e-02  6.01798482e-02  5.99992648e-02
  6.02594241e-02  6.09917045e-02  6.22159690e-02  6.39547408e-02  6.62308559e-02
  6.90666884e-02  7.24852979e-02  7.65103027e-02  8.11656564e-02  8.64755809e-02
  9.24644321e-02  9.91566107e-02  1.06576540e-01  1.14748798e-01  1.23698354e-01
  1.33451089e-01  1.44034401e-01  1.55478150e-01  1.67815790e-01  1.81085795e-01
  1.95333362e-01  2.10612521e-01  2.26988643e-01  2.44541690e-01  2.63370305e-01
  2.83597052e-01  3.05375576e-01  3.28900248e-01  3.54419291e-01  3.82253140e-01
  4.12819207e-01  4.46664512e-01  4.84504402e-01  5.27259111e-01  5.76077819e-01
  6.31984949e-01  6.78978205e-01  7.11647928e-01  7.30502903e-01  7.35718191e-01
  7.27671027e-01  7.04501987e-01  6.65874481e-01  6.26530230e-01  5.94464064e-01
  1.16130307e-01  1.11868024e-01  1.08182669e-01  1.04528792e-01  1.00719407e-01
  9.68711078e-02  9.30457860e-02  8.92871916e-02  8.56313109e-02  8.21100175e-02
  7.87526891e-02  7.55870342e-02  7.26396963e-02  6.99366555e-02  6.75036237e-02
  6.53663799e-02  6.35510534e-02  6.20844923e-02  6.09945990e-02  6.03108890e-02
  6.00653216e-02  6.03514127e-02  6.11384436e-02  6.24597110e-02  6.43426850e-02
  6.68062419e-02  6.98739216e-02  7.35697001e-02  7.79165477e-02  8.29375014e-02
  8.86554644e-02  9.50931087e-02  1.02272987e-01  1.10217810e-01  1.18950687e-01
  1.28495589e-01  1.38877839e-01  1.50124863e-01  1.62266999e-01  1.75338611e-01
  1.89379349e-01  2.04435587e-01  2.20562249e-01  2.37824857e-01  2.56302059e-01
  2.76088595e-01  2.97298878e-01  3.20071012e-01  3.44571471e-01  3.70999545e-01
  3.99590909e-01  4.30618405e-01  4.64387238e-01  5.01224756e-01  5.41479170e-01
  5.85628033e-01  6.30823851e-01  6.62126064e-01  6.81374550e-01  6.89549923e-01
  6.86249614e-01  6.72415078e-01  6.46518707e-01  6.11467540e-01  5.82734644e-01
  1.23720996e-01  1.20090514e-01  1.15606770e-01  1.11046828e-01  1.06638044e-01
  1.02315806e-01  9.80709493e-02  9.39129144e-02  8.98589790e-02  8.59302059e-02
  8.21497142e-02  7.85418004e-02  7.51315728e-02  7.19447359e-02  6.90076277e-02
  6.63471967e-02  6.39911368e-02  6.19679093e-02  6.03067987e-02  5.90377674e-02
  5.82484789e-02  5.79729453e-02  5.82384653e-02  5.90793192e-02  6.05368242e-02
  6.25793934e-02  6.52460605e-02  6.85663000e-02  7.25583285e-02  7.72445649e-02
  8.26470703e-02  8.87861550e-02  9.56817642e-02  1.03353702e-01  1.11821823e-01
  1.21106349e-01  1.31228149e-01  1.42209202e-01  1.54073223e-01  1.66846216e-01
  1.80557311e-01  1.95239380e-01  2.10929975e-01  2.27671891e-01  2.45513931e-01
  2.64511257e-01  2.84725100e-01  3.06221813e-01  3.29069734e-01  3.53333384e-01
  3.79061848e-01  4.06268507e-01  4.34893966e-01  4.64739144e-01  4.95333135e-01
  5.25645554e-01  5.53581357e-01  5.76378047e-01  5.92391729e-01  6.01117790e-01
  6.02556467e-01  5.97073853e-01  5.85611463e-01  5.70205092e-01  5.53711593e-01
  1.29936427e-01  1.26529768e-01  1.21758543e-01  1.16745897e-01  1.11867763e-01
  1.07090808e-01  1.02400407e-01  9.77960750e-02  9.32869613e-02  8.88884366e-02
  8.46198797e-02  8.05033594e-02  7.65628591e-02  7.28238449e-02  6.93130195e-02
  6.60582408e-02  6.30884469e-02  6.04336746e-02  5.81249855e-02  5.62517680e-02
  5.48545867e-02  5.39721325e-02  5.36408909e-02  5.38960062e-02  5.47700934e-02
  5.62892854e-02  5.84872589e-02  6.14043474e-02  6.49990365e-02  6.93094209e-02
  7.43616000e-02  8.01684931e-02  8.67468268e-02  9.41125676e-02  1.02281496e-01
  1.11268952e-01  1.21089712e-01  1.31758407e-01  1.43289864e-01  1.55699342e-01
  1.69002861e-01  1.83217227e-01  1.98360026e-01  2.14449212e-01  2.31502384e-01
  2.49535307e-01  2.68559515e-01  2.88578272e-01  3.09580445e-01  3.31530958e-01
  3.54356140e-01  3.77922386e-01  4.02004778e-01  4.26243573e-01  4.50091243e-01
  4.72770512e-01  4.93304253e-01  5.10683119e-01  5.24102926e-01  5.33105195e-01
  5.37594974e-01  5.37827373e-01  5.34400165e-01  5.28200984e-01  5.20230651e-01
  1.34891614e-01  1.31534815e-01  1.26734480e-01  1.21492244e-01  1.16286352e-01
  1.11120492e-01  1.05998948e-01  1.00930475e-01  9.59283859e-02  9.10098404e-02
  8.61949623e-02  8.15062076e-02  7.69679025e-02  7.26059824e-02  6.84478506e-02
  6.45223781e-02  6.08598441e-02  5.74919656e-02  5.45087233e-02  5.19558489e-02
  4.98782471e-02  4.83194739e-02  4.73213382e-02  4.69235890e-02  4.71634232e-02
  4.80751209e-02  4.96907830e-02  5.20387702e-02  5.51393256e-02  5.90201542e-02
  6.37148023e-02  6.91685602e-02  7.54110515e-02  8.24523792e-02  9.03052613e-02
  9.89803523e-02  1.08485050e-01  1.18825398e-01  1.30006224e-01  1.42031252e-01
  1.54902950e-01  1.68622240e-01  1.83187798e-01  1.98595271e-01  2.14835644e-01
  2.31893256e-01  2.49742657e-01  2.68344343e-01  2.87638783e-01  3.07538599e-01
  3.27918202e-01  3.48601103e-01  3.69345605e-01  3.89831483e-01  4.09652889e-01
  4.28327680e-01  4.45332229e-01  4.60162520e-01  4.72406149e-01  4.81800437e-01
  4.88264352e-01  4.91903991e-01  4.92994577e-01  4.91937339e-01  4.89193350e-01
  1.39331624e-01  1.35969043e-01  1.31028250e-01  1.25565931e-01  1.20051384e-01
  1.14501454e-01  1.08934753e-01  1.03371300e-01  9.78324041e-02  9.23404619e-02
  8.69189277e-02  8.15922692e-02  7.63860792e-02  7.13271797e-02  6.64438307e-02
  6.17659502e-02  5.73251434e-02  5.32100499e-02  4.94707935e-02  4.61575948e-02
  4.33202051e-02  4.10073772e-02  3.92662920e-02  3.81420217e-02  3.76769975e-02
  3.79105359e-02  3.88784483e-02  4.06125523e-02  4.31403704e-02  4.64862585e-02
  5.06703407e-02  5.57051413e-02  6.16149679e-02  6.83252439e-02  7.58622065e-02
  8.42358097e-02  9.34394225e-02  1.03469737e-01  1.14321232e-01  1.25986472e-01
  1.38455465e-01  1.51715085e-01  1.65748328e-01  1.80533171e-01  1.96041137e-01
  2.12235212e-01  2.29067311e-01  2.46474817e-01  2.64376551e-01  2.82667845e-01
  3.01215053e-01  3.19850266e-01  3.38366956e-01  3.56518537e-01  3.74022126e-01
  3.90569866e-01  4.05848980e-01  4.19568539e-01  4.31488514e-01  4.41444635e-01
  4.49364007e-01  4.55268860e-01  4.59268540e-01  4.61540401e-01  4.62303758e-01
  1.43526420e-01  1.40115038e-01  1.34990886e-01  1.29264206e-01  1.23391792e-01
  1.17404111e-01  1.11334570e-01  1.05215222e-01  9.90759358e-02  9.29446816e-02
  8.68481919e-02  8.08126926e-02  7.48645291e-02  6.90307543e-02  6.33397475e-02
  5.78223094e-02  5.25632761e-02  4.76162769e-02  4.30359542e-02  3.88774611e-02
  3.51959094e-02  3.20457295e-02  2.94799954e-02  2.75497232e-02  2.63031628e-02
  2.57851165e-02  2.60363035e-02  2.70927753e-02  2.89854389e-02  3.17397267e-02
  3.53750661e-02  3.99043150e-02  4.53338958e-02  5.16591631e-02  5.88837750e-02
  6.70169741e-02  7.59673640e-02  8.57420042e-02  9.63237286e-02  1.07696213e-01
  1.19838774e-01  1.32726893e-01  1.46331429e-01  1.60617739e-01  1.75544500e-01
  1.91062212e-01  2.07111418e-01  2.23620504e-01  2.40503401e-01  2.57657051e-01
  2.74959117e-01  2.92266428e-01  3.09414536e-01  3.26219350e-01  3.42481613e-01
  3.57994497e-01  3.72554243e-01  3.85972679e-01  3.98090154e-01  4.08785969e-01
  4.17985380e-01  4.25661564e-01  4.31832612e-01  4.36554730e-01  4.39913124e-01
  1.47755310e-01  1.44272417e-01  1.38981432e-01  1.32895634e-01  1.26548603e-01
  1.20007962e-01  1.13330714e-01  1.06562033e-01  9.97380465e-02  9.28891450e-02
  8.60424787e-02  7.92236328e-02  7.24576935e-02  6.57697171e-02  5.91844507e-02
  5.27822860e-02  4.66197059e-02  4.07545529e-02  3.52461413e-02  3.01548783e-02
  2.55416911e-02  2.14672852e-02  1.79913174e-02  1.51715335e-02  1.30628562e-02
  1.17164999e-02  1.11791054e-02  1.14919469e-02  1.26902200e-02  1.48024522e-02
  1.78500153e-02  2.18468178e-02  2.67992802e-02  3.27065997e-02  3.95627283e-02
  4.73555587e-02  5.60635440e-02  6.56778365e-02  7.60799944e-02  8.72634724e-02
  9.91945937e-02  1.11840285e-01  1.25162080e-01  1.39116645e-01  1.53654844e-01
  1.68720827e-01  1.84251040e-01  2.00173020e-01  2.16404378e-01  2.32851699e-01
  2.49409899e-01  2.65962183e-01  2.82380611e-01  2.98528224e-01  3.14261854e-01
  3.29436660e-01  3.43911260e-01  3.57553333e-01  3.70244473e-01  3.81883949e-01
  3.92390341e-01  4.01701242e-01  4.09771949e-01  4.16573912e-01  4.22094852e-01
  1.52717248e-01  1.49200395e-01  1.43518731e-01  1.36808500e-01  1.29727662e-01
  1.22434683e-01  1.15002006e-01  1.07470848e-01  9.98701826e-02  9.22237784e-02
  8.45533535e-02  7.68802464e-02  6.92266151e-02  6.16165921e-02  5.40783741e-02
  4.67065163e-02  3.95564958e-02  3.26884538e-02  2.61658560e-02  2.00545117e-02
  1.44216353e-02  9.33489203e-03  4.86136740e-03  1.06649462e-03 -1.98706449e-03
 -4.24053939e-03 -5.64014725e-03 -6.13812404e-03 -5.69365639e-03 -4.27367678e-03
 -1.85348454e-03  1.58284744e-03  6.04231609e-03  1.15231071e-02  1.80149917e-02
  2.54996009e-02  3.39508131e-02  4.33362313e-02  5.36139943e-02  6.47575781e-02
  7.66216964e-02  8.91857594e-02  1.02400035e-01  1.16215758e-01  1.30578890e-01
  1.45430788e-01  1.60707623e-01  1.76339999e-01  1.92252621e-01  2.08364144e-01
  2.24587083e-01  2.40828365e-01  2.56990135e-01  2.72971123e-01  2.88668662e-01
  3.03980649e-01  3.18807840e-01  3.33055407e-01  3.46633524e-01  3.59456122e-01
  3.71437758e-01  3.82488430e-01  3.92508298e-01  4.01385546e-01  4.09002632e-01
  1.59625411e-01  1.56588167e-01  1.49335250e-01  1.41053021e-01  1.32848710e-01
  1.24607660e-01  1.16300963e-01  1.07923150e-01  9.94776562e-02  9.09724832e-02
  8.24186206e-02  7.38294274e-02  6.52200952e-02  5.66068441e-02  4.80684042e-02
  3.96636948e-02  3.14545222e-02  2.35064775e-02  1.58887673e-02  8.67363811e-03
  1.93550542e-03 -4.25007660e-03 -9.80758015e-03 -1.46627678e-02 -1.87440272e-02
 -2.19837315e-02 -2.43195966e-02 -2.56959628e-02 -2.60649864e-02 -2.53876746e-02
 -2.36347150e-02 -2.07870789e-02 -1.68363508e-02 -1.17847901e-02 -5.64511539e-03
  1.55992655e-03  9.79823526e-03  1.90292895e-02  2.92051136e-02  4.02723253e-02
  5.21689095e-02  6.48514554e-02  7.81518444e-02  9.20380503e-02  1.06448516e-01
  1.21324047e-01  1.36601746e-01  1.52216375e-01  1.68100551e-01  1.84184790e-01
  2.00397819e-01  2.16667086e-01  2.32919693e-01  2.49083400e-01  2.65087873e-01
  2.80865878e-01  2.96353936e-01  3.11492324e-01  3.26223493e-01  3.40487897e-01
  3.54215860e-01  3.67313564e-01  3.79640847e-01  3.90985399e-01  4.01057541e-01
  1.64464638e-01  1.61439225e-01  1.53658345e-01  1.44473180e-01  1.35352895e-01
  1.26235083e-01  1.17075048e-01  1.07847624e-01  9.85407159e-02  8.91507193e-02
  7.96799362e-02  7.01352805e-02  6.05280735e-02  5.08752763e-02  4.12698053e-02
  3.17677408e-02  2.24326290e-02  1.33341569e-02  4.54719597e-03 -3.84913408e-03
 -1.17725115e-02 -1.91386044e-02 -2.58624088e-02 -3.18597220e-02 -3.70487049e-02
 -4.13515046e-02 -4.46958877e-02 -4.70168181e-02 -4.82579432e-02 -4.83728908e-02
 -4.73263711e-02 -4.50949930e-02 -4.16677818e-02 -3.70463729e-02 -3.12448721e-02
 -2.42893714e-02 -1.62171703e-02 -7.07570836e-03  3.07875942e-03  1.41826849e-02
  2.61667147e-02  3.89582589e-02  5.24782501e-02  6.66702688e-02  8.13519061e-02
  9.64848548e-02  1.12002552e-01  1.27843186e-01  1.43947214e-01  1.60256118e-01
  1.76712841e-01  1.93262413e-01  2.09852979e-01  2.26436943e-01  2.42972121e-01
  2.59422928e-01  2.75761366e-01  2.91967511e-01  3.08028907e-01  3.23938340e-01
  3.39688122e-01  3.55257273e-01  3.70580584e-01  3.85448158e-01  3.99197161e-01
  1.67966798e-01  1.64828256e-01  1.56459540e-01  1.46739796e-01  1.36981949e-01
  1.27155930e-01  1.17239080e-01  1.07213795e-01  9.70683843e-02  8.67964625e-02
  7.63959810e-02  6.58681840e-02  5.52162528e-02  4.45086025e-02  3.38015072e-02
  2.31569242e-02  1.26434918e-02  2.33648648e-03 -7.68267689e-03 -1.73272546e-02
 -2.65062358e-02 -3.51256244e-02 -4.30899300e-02 -5.03038466e-02 -5.66740334e-02
 -6.21110499e-02 -6.65312707e-02 -6.98587820e-02 -7.20272139e-02 -7.29813352e-02
 -7.26784542e-02 -7.10895061e-02 -6.81997463e-02 -6.40091151e-02 -5.85321449e-02
 -5.17974645e-02 -4.38469425e-02 -3.47344391e-02 -2.45242473e-02 -1.32892979e-02
 -1.10918737e-03  1.19319409e-02  2.57473346e-02  4.02505845e-02  5.53521737e-02
  7.09888637e-02  8.69729742e-02  1.03255391e-01  1.19788677e-01  1.36524484e-01
  1.53417394e-01  1.70426756e-01  1.87517956e-01  2.04663873e-01  2.21846327e-01
  2.39057973e-01  2.56304413e-01  2.73606718e-01  2.91004330e-01  3.08558971e-01
  3.26359898e-01  3.44533533e-01  3.63264769e-01  3.82853061e-01  4.02732491e-01
  1.70138493e-01  1.66781068e-01  1.58291936e-01  1.48160547e-01  1.37883574e-01
  1.27452597e-01  1.16856948e-01  1.06087290e-01  9.51364711e-02  8.39997008e-02
  7.26747215e-02  6.11621775e-02  4.94670980e-02  3.76731455e-02  2.58339718e-02
  1.40130734e-02  2.28284439e-03 -9.27608460e-03 -2.05755588e-02 -3.15207914e-02
 -4.20114994e-02 -5.19432947e-02 -6.12093285e-02 -6.97021559e-02 -7.73157999e-02
 -8.39479566e-02 -8.95022228e-02 -9.38904136e-02 -9.70346704e-02 -9.88694802e-02
 -9.93433669e-02 -9.84202847e-02 -9.60805640e-02 -9.23214182e-02 -8.71569514e-02
 -8.06176886e-02 -7.27495998e-02 -6.36126921e-02 -5.32792397e-02 -4.18316387e-02
 -2.93600578e-02 -1.59598924e-02 -1.72907289e-03  1.32347923e-02  2.88373828e-02
  4.49925587e-02  6.16229735e-02  7.85191208e-02  9.56547782e-02  1.12978458e-01
  1.30450144e-01  1.48039058e-01  1.65723443e-01  1.83491513e-01  2.01343104e-01
  2.19292045e-01  2.37369359e-01  2.55627573e-01  2.74146259e-01  2.93040246e-01
  3.12470376e-01  3.32659930e-01  3.53918821e-01  3.76686543e-01  3.99957478e-01
  1.71868056e-01  1.68293029e-01  1.59547210e-01  1.49042919e-01  1.38301328e-01
  1.27318084e-01  1.16088316e-01  1.04609139e-01  9.28779766e-02  8.08918551e-02
  6.86471462e-02  5.61391152e-02  4.34202775e-02  3.05421595e-02  1.75637640e-02
  4.55299253e-03 -8.41293857e-03 -2.12475900e-02 -3.38557698e-02 -4.61343303e-02
 -5.79733253e-02 -6.92574456e-02 -7.98678175e-02 -8.96840617e-02 -9.85866189e-02
 -1.06459238e-01 -1.13191597e-01 -1.18681960e-01 -1.22839704e-01 -1.25587717e-01
 -1.26864493e-01 -1.26625821e-01 -1.24846026e-01 -1.21518664e-01 -1.16656676e-01
 -1.10291906e-01 -1.02474086e-01 -9.32692811e-02 -8.27578381e-02 -7.10320175e-02
 -5.81932515e-02 -4.43492942e-02 -2.96112336e-02 -1.40905734e-02  2.10346770e-03
  1.88661776e-02  3.60980555e-02  5.37033752e-02  7.16249272e-02  8.96775275e-02
  1.07835211e-01  1.26078263e-01  1.44395038e-01  1.62783802e-01  1.81254700e-01
  1.99832425e-01  2.18559653e-01  2.37501726e-01  2.56752938e-01  2.76445180e-01
  2.96759218e-01  3.17938924e-01  3.40306014e-01  3.64266545e-01  3.89301449e-01
  1.73608333e-01  1.69852644e-01  1.60502717e-01  1.49670094e-01  1.38501093e-01
  1.26984820e-01  1.15133874e-01  1.02958106e-01  9.04613659e-02  7.76427239e-02
  6.44984692e-02  5.10245115e-02  3.72865684e-02  2.33333539e-02  9.22446884e-03
 -4.96970024e-03 -1.91679597e-02 -3.32784727e-02 -4.71992083e-02 -6.08187169e-02
 -7.40172863e-02 -8.66684914e-02 -9.86410752e-02 -1.09801240e-01 -1.20015197e-01
 -1.29152000e-01 -1.37086540e-01 -1.43702567e-01 -1.48895666e-01 -1.52576089e-01
 -1.54671237e-01 -1.55127734e-01 -1.53912961e-01 -1.51016057e-01 -1.46448106e-01
 -1.40241802e-01 -1.32450312e-01 -1.23145655e-01 -1.12416379e-01 -1.00364909e-01
 -8.71044472e-02 -7.27557763e-02 -5.74438758e-02 -4.12946120e-02 -2.44315509e-02
 -6.97299093e-03  1.09708915e-02  2.93012094e-02  4.79352623e-02  6.68053851e-02
  8.57150853e-02  1.04649432e-01  1.23601235e-01  1.42572179e-01  1.61574259e-01
  1.80631816e-01  1.99783981e-01  2.19088316e-01  2.38625422e-01  2.58505881e-01
  2.78880149e-01  2.99954236e-01  3.22015196e-01  3.45469832e-01  3.69977206e-01
  1.74420193e-01  1.70193583e-01  1.61438704e-01  1.50470495e-01  1.38811857e-01
  1.26697540e-01  1.14189163e-01  1.01305589e-01  8.80487561e-02  7.44120032e-02
  6.03831485e-02  4.59881313e-02  3.12687382e-02  1.62756424e-02  1.07014040e-03
 -1.42749539e-02 -2.96748634e-02 -4.50327918e-02 -6.02402650e-02 -7.51778483e-02
 -8.97163078e-02 -1.03718221e-01 -1.17039964e-01 -1.29534215e-01 -1.41052768e-01
 -1.51449636e-01 -1.60584465e-01 -1.68325916e-01 -1.74555168e-01 -1.79169118e-01
 -1.82083368e-01 -1.83234632e-01 -1.82582662e-01 -1.80111468e-01 -1.75829768e-01
 -1.69770613e-01 -1.61990315e-01 -1.52566642e-01 -1.41596317e-01 -1.29191995e-01
 -1.15478925e-01 -1.00591302e-01 -8.46684352e-02 -6.78511262e-02 -5.02779782e-02
 -3.20820808e-02 -1.33878514e-02  5.69184264e-03  2.50582024e-02  4.46280763e-02
  6.43353090e-02  8.39790925e-02  1.03553139e-01  1.23057880e-01  1.42500937e-01
  1.61897913e-01  1.81273282e-01  2.00661346e-01  2.20107466e-01  2.39669323e-01
  2.59418756e-01  2.79444844e-01  2.99862951e-01  3.20855379e-01  3.42403680e-01
  1.78385511e-01  1.74578652e-01  1.64286181e-01  1.51964232e-01  1.39427379e-01
  1.26571864e-01  1.13359250e-01  9.97669026e-02  8.57745260e-02  7.13609308e-02
  5.65031953e-02  4.12325449e-02  2.55856421e-02  9.61094256e-03 -6.63062464e-03
 -2.30650436e-02 -3.96048352e-02 -5.61489873e-02 -7.25832283e-02 -8.87807533e-02
 -1.04603358e-01 -1.19903103e-01 -1.34524480e-01 -1.48306966e-01 -1.61088213e-01
 -1.72707379e-01 -1.83008909e-01 -1.91846371e-01 -1.99086398e-01 -2.04612285e-01
 -2.08327487e-01 -2.10158452e-01 -2.10056886e-01 -2.08001226e-01 -2.03997314e-01
 -1.98078185e-01 -1.90302879e-01 -1.80754572e-01 -1.69537827e-01 -1.56775430e-01
 -1.42604500e-01 -1.27172604e-01 -1.10633537e-01 -9.31432024e-02 -7.48557374e-02
 -5.59197925e-02 -3.64753194e-02 -1.66506954e-02  3.43959127e-03  2.36967187e-02
  4.40388508e-02  6.44020513e-02  8.45849812e-02  1.04585133e-01  1.24403492e-01
  1.44044101e-01  1.63513422e-01  1.82818875e-01  2.01966360e-01  2.20955789e-01
  2.39772931e-01  2.58373648e-01  2.76650906e-01  2.94362575e-01  3.11011583e-01
  1.81091785e-01  1.77282184e-01  1.66196391e-01  1.53188840e-01  1.39970735e-01
  1.26464605e-01  1.12615712e-01  9.83806700e-02  8.37224424e-02  6.86066896e-02
  5.29995747e-02  3.69349718e-02  2.04457585e-02  3.57811712e-03 -1.36078307e-02
 -3.10374517e-02 -4.86212224e-02 -6.62546158e-02 -8.38183239e-02 -1.01178981e-01
 -1.18190251e-01 -1.34694576e-01 -1.50525376e-01 -1.65509880e-01 -1.79472327e-01
 -1.92237809e-01 -2.03636259e-01 -2.13506728e-01 -2.21701682e-01 -2.28091210e-01
 -2.32566804e-01 -2.35044673e-01 -2.35468358e-01 -2.33810559e-01 -2.30073944e-01
 -2.24291041e-01 -2.16523156e-01 -2.06858292e-01 -1.95408344e-01 -1.82305500e-01
 -1.67698234e-01 -1.51746869e-01 -1.34619132e-01 -1.16485626e-01 -9.75155905e-02
 -7.78730288e-02 -5.77132441e-02 -3.71799208e-02 -1.64028034e-02  4.50403849e-03
  2.54433695e-02  4.63354178e-02  6.71180487e-02  8.75922814e-02  1.07753724e-01
  1.27597168e-01  1.47115529e-01  1.66297197e-01  1.85122281e-01  2.03557163e-01
  2.21546620e-01  2.39002660e-01  2.55790174e-01  2.71714061e-01  2.86521733e-01
  1.82139337e-01  1.78168073e-01  1.67210430e-01  1.53870180e-01  1.40234187e-01
  1.26268461e-01  1.11929648e-01  9.71752256e-02  8.19640905e-02  6.62558675e-02
  5.00098877e-02  3.32636759e-02  1.60476491e-02 -1.59359293e-03 -1.96005274e-02
 -3.78980562e-02 -5.63950203e-02 -7.49840066e-02 -9.35415253e-02 -1.11928582e-01
 -1.29991859e-01 -1.47565395e-01 -1.64472878e-01 -1.80530578e-01 -1.95550844e-01
 -2.09345996e-01 -2.21732780e-01 -2.32536957e-01 -2.41598010e-01 -2.48773694e-01
 -2.53944278e-01 -2.57016301e-01 -2.57925481e-01 -2.56638765e-01 -2.53155470e-01
 -2.47507319e-01 -2.39757195e-01 -2.29997188e-01 -2.18345508e-01 -2.04942733e-01
 -1.89947426e-01 -1.73531502e-01 -1.55875310e-01 -1.37162820e-01 -1.17577188e-01
 -9.72964764e-02 -7.64900818e-02 -5.53157069e-02 -3.39169875e-02 -1.24218017e-02
  9.05873999e-03  3.04306597e-02  5.16168661e-02  7.25564063e-02  9.30547342e-02
  1.13100842e-01  1.32682696e-01  1.51782155e-01  1.70371264e-01  1.88408852e-01
  2.05836713e-01  2.22576082e-01  2.38525450e-01  2.53562063e-01  2.67549843e-01
  1.83006689e-01  1.78941801e-01  1.67742342e-01  1.54187292e-01  1.40296191e-01
  1.26031637e-01  1.11352935e-01  9.62190032e-02  8.05885866e-02  6.44196793e-02
  4.76685688e-02  3.03774010e-02  1.25756776e-02 -5.69264917e-03 -2.43682358e-02
 -4.33755107e-02 -6.26220331e-02 -8.19981545e-02 -1.01377085e-01 -1.20615415e-01
 -1.39554188e-01 -1.58020616e-01 -1.75830424e-01 -1.92790791e-01 -2.08704069e-01
 -2.23371878e-01 -2.36599758e-01 -2.48202056e-01 -2.58007020e-01 -2.65861690e-01
 -2.71636486e-01 -2.75229245e-01 -2.76568562e-01 -2.75616080e-01 -2.72367805e-01
 -2.66854167e-01 -2.59139001e-01 -2.49317408e-01 -2.37512603e-01 -2.23871946e-01
 -2.08562389e-01 -1.91765442e-01 -1.73672080e-01 -1.54477581e-01 -1.34376824e-01
 -1.13559805e-01 -9.22078416e-02 -7.04904124e-02 -4.85627204e-02 -2.65639722e-02
 -4.61643934e-03  1.71747021e-02  3.87206636e-02  5.99472299e-02  8.07911456e-02
  1.01051852e-01  1.20730147e-01  1.39813840e-01  1.58279017e-01  1.76090062e-01
  1.93199456e-01  2.09547877e-01  2.25065634e-01  2.39675879e-01  2.53300160e-01
  1.83528498e-01  1.79390773e-01  1.67929158e-01  1.54283702e-01  1.40283227e-01
  1.25866815e-01  1.10990219e-01  9.56146419e-02  7.97021016e-02  6.32126108e-02
  4.61027063e-02  2.84190960e-02  1.01915449e-02 -8.53598490e-03 -2.77040936e-02
 -4.72368635e-02 -6.70410246e-02 -8.70054737e-02 -1.07001185e-01 -1.26881674e-01
 -1.46484002e-01 -1.65630430e-01 -1.84130833e-01 -2.01785654e-01 -2.18389705e-01
 -2.33736426e-01 -2.47622758e-01 -2.59854168e-01 -2.70250082e-01 -2.78648943e-01
 -2.84913242e-01 -2.88933694e-01 -2.90632874e-01 -2.89967835e-01 -2.86931306e-01
 -2.81552255e-01 -2.73894608e-01 -2.64055252e-01 -2.52160758e-01 -2.38363251e-01
 -2.22835734e-01 -2.05766797e-01 -1.87355310e-01 -1.67805105e-01 -1.47319883e-01
 -1.26098663e-01 -1.04331814e-01 -8.21976513e-02 -5.98599017e-02 -3.74658667e-02
 -1.51452674e-02  6.99022971e-03  2.88469978e-02  5.03491685e-02  7.14386255e-02
  9.18761045e-02  1.11659430e-01  1.30777538e-01  1.49210230e-01  1.66928515e-01
  1.83895260e-01  2.00066373e-01  2.15392813e-01  2.29823485e-01  2.43308991e-01
  1.83126435e-01  1.78819731e-01  1.67736292e-01  1.54268682e-01  1.40351355e-01
  1.25927076e-01  1.10975996e-01  9.54794958e-02  7.94116110e-02  6.27385676e-02
  4.54194769e-02  2.75039580e-02  9.02223773e-03 -9.98175703e-03 -2.94488128e-02
 -4.93031181e-02 -6.94512725e-02 -8.97816420e-02 -1.10164225e-01 -1.30450994e-01
 -1.50476843e-01 -1.70061275e-01 -1.89010695e-01 -2.07121491e-01 -2.24183843e-01
 -2.39986002e-01 -2.54319340e-01 -2.66983509e-01 -2.77791977e-01 -2.86577374e-01
 -2.93196559e-01 -2.97535062e-01 -2.99511015e-01 -2.99077630e-01 -2.96224922e-01
 -2.90980011e-01 -2.83406138e-01 -2.73600549e-01 -2.61691242e-01 -2.47832805e-01
 -2.32201502e-01 -2.14990005e-01 -1.96401879e-01 -1.76646069e-01 -1.55931741e-01
 -1.34463564e-01 -1.12437509e-01 -9.00374725e-02 -6.74325377e-02 -4.47750390e-02
 -2.21992899e-02  1.78992210e-04  2.22628023e-02  4.39735055e-02  6.52502254e-02
  8.58349130e-02  1.05726078e-01  1.24914087e-01  1.43381417e-01  1.61103249e-01
  1.78048521e-01  1.94181323e-01  2.09462941e-01  2.23854333e-01  2.37319052e-01
  1.82327434e-01  1.77576765e-01  1.67477697e-01  1.54620096e-01  1.40838251e-01
  1.26428932e-01  1.11452870e-01  9.59150419e-02  7.97973350e-02  6.30685464e-02
  4.56882901e-02  2.77046356e-02  9.14696697e-03 -9.94174555e-03 -2.95032486e-02
 -4.94626164e-02 -6.97271898e-02 -9.01859254e-02 -1.10709168e-01 -1.31148979e-01
 -1.51340112e-01 -1.71101525e-01 -1.90238833e-01 -2.08547235e-01 -2.25815356e-01
 -2.41829604e-01 -2.56379157e-01 -2.69261241e-01 -2.80286640e-01 -2.89285094e-01
 -2.96110570e-01 -3.00645769e-01 -3.02805990e-01 -3.02541852e-01 -2.99841076e-01
 -2.94728816e-01 -2.87266731e-01 -2.77550995e-01 -2.65708983e-01 -2.51895130e-01
 -2.36285999e-01 -2.19075024e-01 -2.00466841e-01 -1.80671841e-01 -1.59900904e-01
 -1.38360545e-01 -1.16248757e-01 -9.37514752e-02 -7.10398480e-02 -4.82682250e-02
 -2.55728532e-02 -3.07124993e-03  1.91378761e-02  4.09742370e-02  6.23751990e-02
  8.30739290e-02  1.03069492e-01  1.22352600e-01  1.40906081e-01  1.58705607e-01
  1.75720766e-01  1.91916674e-01  2.07255930e-01  2.21701160e-01  2.35217676e-01
  1.85306624e-01  1.81217417e-01  1.69815198e-01  1.56069577e-01  1.41985342e-01
  1.27463683e-01  1.12460092e-01  9.69415382e-02  8.08732510e-02  6.42156973e-02
  4.69240285e-02  2.90390626e-02  1.05874818e-02 -8.38989858e-03 -2.78366748e-02
 -4.76796217e-02 -6.78277314e-02 -8.81716013e-02 -1.08583272e-01 -1.28916562e-01
 -1.49007961e-01 -1.68678313e-01 -1.87734991e-01 -2.05974981e-01 -2.23188579e-01
 -2.39163727e-01 -2.53690898e-01 -2.66568333e-01 -2.77607560e-01 -2.86638707e-01
 -2.93515623e-01 -2.98120528e-01 -3.00367862e-01 -3.00206870e-01 -2.97623575e-01
 -2.92641044e-01 -2.85318673e-01 -2.75749981e-01 -2.64059722e-01 -2.50399470e-01
 -2.34943122e-01 -2.17881352e-01 -1.99416235e-01 -1.79755762e-01 -1.59108549e-01
 -1.37679115e-01 -1.15663663e-01 -9.32465494e-02 -7.05975667e-02 -4.78699394e-02
 -2.51990296e-02 -2.70173699e-03  1.95235424e-02  4.13965583e-02  6.28545508e-02
  8.36318135e-02  1.03726730e-01  1.23128630e-01  1.41817912e-01  1.59766585e-01
  1.76939234e-01  1.93294615e-01  2.08787814e-01  2.23373115e-01  2.37007290e-01
  1.86692789e-01  1.82769120e-01  1.71387449e-01  1.57497421e-01  1.43316776e-01
  1.28788188e-01  1.13854535e-01  9.84651446e-02  8.25722367e-02  6.61280900e-02
  4.90832739e-02  3.14682759e-02  1.33065283e-02 -5.36371721e-03 -2.44882964e-02
 -4.39961553e-02 -6.37985766e-02 -8.37887004e-02 -1.03841431e-01 -1.23813823e-01
 -1.43546015e-01 -1.62862822e-01 -1.81575984e-01 -1.99487060e-01 -2.16391131e-01
 -2.32080907e-01 -2.46351570e-01 -2.59005845e-01 -2.69859225e-01 -2.78745353e-01
 -2.85520792e-01 -2.90069729e-01 -2.92307496e-01 -2.92183340e-01 -2.89682209e-01
 -2.84825087e-01 -2.77668297e-01 -2.68301517e-01 -2.56844759e-01 -2.43444413e-01
 -2.28268564e-01 -2.11501941e-01 -1.93340436e-01 -1.73985854e-01 -1.53640762e-01
 -1.32503822e-01 -1.10765614e-01 -8.86052698e-02 -6.61877096e-02 -4.36616875e-02
 -2.11586431e-02  1.20783015e-03  2.33418085e-02  4.51645181e-02  6.66141361e-02
  8.74373168e-02  1.07632048e-01  1.27185479e-01  1.46073520e-01  1.64260879e-01
  1.81701466e-01  1.98339775e-01  2.14113146e-01  2.28955328e-01  2.42801398e-01
  1.87688038e-01  1.83958739e-01  1.72283977e-01  1.58503339e-01  1.44473359e-01
  1.30137548e-01  1.15444742e-01  1.00343175e-01  8.47818926e-02  6.87106103e-02
  5.20789623e-02  3.49070132e-02  1.72160603e-02 -9.57487558e-04 -1.95613224e-02
 -3.85265015e-02 -5.77668585e-02 -7.71786645e-02 -9.66406018e-02 -1.16014250e-01
 -1.35144994e-01 -1.53863609e-01 -1.71988428e-01 -1.89328209e-01 -2.05685556e-01
 -2.20860973e-01 -2.34657437e-01 -2.46885180e-01 -2.57366806e-01 -2.65942216e-01
 -2.72473365e-01 -2.76848495e-01 -2.78985620e-01 -2.78835267e-01 -2.76381880e-01
 -2.71644413e-01 -2.64675617e-01 -2.55560011e-01 -2.44411290e-01 -2.31368333e-01
 -2.16590881e-01 -2.00254634e-01 -1.82546079e-01 -1.63657442e-01 -1.43781647e-01
 -1.23107925e-01 -1.01817682e-01 -8.00812095e-02 -5.80549650e-02 -3.58796977e-02
 -1.36792837e-02  8.43952037e-03  3.03862058e-02  5.20836487e-02  7.34609514e-02
  9.43005159e-02  1.14604466e-01  1.34359121e-01  1.53535739e-01  1.72089860e-01
  1.89960331e-01  2.07069188e-01  2.23323092e-01  2.38617599e-01  2.52844781e-01
  1.87163100e-01  1.83548629e-01  1.72480628e-01  1.58995748e-01  1.45303503e-01
  1.31353304e-01  1.17087387e-01  1.02450199e-01  8.73897150e-02  7.18567595e-02
  5.58037758e-02  3.92416678e-02  2.21917927e-02  4.69030766e-03 -1.32113276e-02
 -3.14457826e-02 -4.99293767e-02 -6.85618147e-02 -8.72262791e-02 -1.05789855e-01
 -1.24104537e-01 -1.42008707e-01 -1.59329265e-01 -1.75884277e-01 -1.91486299e-01
 -2.05946147e-01 -2.19077185e-01 -2.30699852e-01 -2.40646347e-01 -2.48765320e-01
 -2.54926234e-01 -2.59023339e-01 -2.60978848e-01 -2.60745496e-01 -2.58307964e-01
 -2.53683209e-01 -2.46919915e-01 -2.38096684e-01 -2.27319360e-01 -2.14717582e-01
 -2.00440556e-01 -1.84652507e-01 -1.67527795e-01 -1.49246156e-01 -1.29987955e-01
 -1.09929822e-01 -8.92408937e-02 -6.80793822e-02 -4.65899855e-02 -2.49017663e-02
 -3.12666176e-03  1.86417438e-02  4.03297581e-02  6.18868843e-02  8.30781609e-02
  1.03892535e-01  1.24320261e-01  1.44343898e-01  1.63932338e-01  1.83035344e-01
  2.01578006e-01  2.19455332e-01  2.36528814e-01  2.52628297e-01  2.67563105e-01
  1.86038420e-01  1.82559088e-01  1.71817064e-01  1.58806369e-01  1.45677045e-01
  1.32332861e-01  1.18695170e-01  1.04704022e-01  9.03109163e-02  7.54734054e-02
  6.01515062e-02  4.43480238e-02  2.80886032e-02  1.14113176e-02 -5.63203776e-03
 -2.29751505e-02 -4.05366682e-02 -5.82199469e-02 -7.59131536e-02 -9.34897289e-02
 -1.10809349e-01 -1.27719328e-01 -1.44056648e-01 -1.59650430e-01 -1.74325049e-01
 -1.87903628e-01 -2.00211987e-01 -2.11082771e-01 -2.20359802e-01 -2.27902353e-01
 -2.33589083e-01 -2.37321675e-01 -2.39027768e-01 -2.38663211e-01 -2.36213297e-01
 -2.31693193e-01 -2.25147277e-01 -2.16647506e-01 -2.06291020e-01 -1.94196850e-01
 -1.80502072e-01 -1.65357649e-01 -1.48923799e-01 -1.31365642e-01 -1.12848669e-01
 -9.35346857e-02 -7.35780969e-02 -5.31226918e-02 -3.22990306e-02 -1.12224678e-02
  1.00080129e-02  3.13100442e-02  5.26169240e-02  7.38752037e-02  9.48912725e-02
  1.15685955e-01  1.36269197e-01  1.56640381e-01  1.76784679e-01  1.96666062e-01
  2.16216251e-01  2.35318840e-01  2.53788590e-01  2.71352828e-01  2.87654638e-01
  1.83698982e-01  1.80262834e-01  1.69775933e-01  1.57715917e-01  1.45539507e-01
  1.33078337e-01  1.20273583e-01  1.07091926e-01  9.35073048e-02  7.94959664e-02
  6.50350899e-02  5.01031578e-02  3.47516350e-02  1.90192908e-02  2.95814080e-03
 -1.33664673e-02 -2.98755709e-02 -4.64764424e-02 -6.30627126e-02 -7.95148239e-02
 -9.57009643e-02 -1.11478396e-01 -1.26695305e-01 -1.41193151e-01 -1.54809460e-01
 -1.67381048e-01 -1.78747594e-01 -1.88755393e-01 -1.97261259e-01 -2.04136312e-01
 -2.09269628e-01 -2.12571293e-01 -2.13975221e-01 -2.13440925e-01 -2.10954770e-01
 -2.06530243e-01 -2.00207308e-01 -1.92050993e-01 -1.82149112e-01 -1.70609370e-01
 -1.57555804e-01 -1.43124953e-01 -1.27461746e-01 -1.10715337e-01 -9.30350125e-02
 -7.45662823e-02 -5.54473437e-02 -3.58058326e-02 -1.57560781e-02  4.60317498e-03
  2.51903143e-02  4.59411517e-02  6.68066293e-02  8.76033083e-02  1.08348012e-01
  1.29065022e-01  1.49781764e-01  1.70525849e-01  1.91321343e-01  2.12182343e-01
  2.33101532e-01  2.54027456e-01  2.74817318e-01  2.95132995e-01  3.14268976e-01
  1.78525418e-01  1.74533710e-01  1.66380733e-01  1.56188861e-01  1.45272776e-01
  1.33844331e-01  1.21973038e-01  1.09683894e-01  9.69838426e-02  8.38708356e-02
  7.03374445e-02  5.63720763e-02  4.20167707e-02  2.73169857e-02  1.23269837e-02
 -2.88828812e-03 -1.82522777e-02 -3.36764492e-02 -4.90603298e-02 -6.42919168e-02
 -7.92485401e-02 -9.37980786e-02 -1.07800707e-01 -1.21110983e-01 -1.33580402e-01
 -1.45060286e-01 -1.55404985e-01 -1.64475232e-01 -1.72141537e-01 -1.78287625e-01
 -1.82813510e-01 -1.85638338e-01 -1.86702624e-01 -1.85970023e-01 -1.83428168e-01
 -1.79089010e-01 -1.72988191e-01 -1.65183738e-01 -1.55754030e-01 -1.44795135e-01
 -1.32417768e-01 -1.18743703e-01 -1.03902124e-01 -8.80258307e-02 -7.12474883e-02
 -5.36960065e-02 -3.54931317e-02 -1.67501848e-02  2.43507652e-03  2.19817869e-02
  4.18298952e-02  6.19453453e-02  8.21253955e-02  1.02387436e-01  1.22761965e-01
  1.43291563e-01  1.64030895e-01  1.85047641e-01  2.06423923e-01  2.28258416e-01
  2.50669003e-01  2.73797601e-01  2.97823042e-01  3.23019296e-01  3.49370927e-01
  1.76850766e-01  1.73140556e-01  1.65257543e-01  1.55676663e-01  1.45578608e-01
  1.35004789e-01  1.23994254e-01  1.12574756e-01  1.00763351e-01  8.85694697e-02
  7.59976059e-02  6.30496666e-02  4.97275479e-02  3.61068249e-02  2.22391132e-02
  8.18683021e-03 -5.97696332e-03 -2.01686211e-02 -3.42941061e-02 -4.82494608e-02
 -6.19215854e-02 -7.51894340e-02 -8.79255161e-02 -9.99978632e-02 -1.11272261e-01
 -1.21614814e-01 -1.30894795e-01 -1.38987526e-01 -1.45777464e-01 -1.51160985e-01
 -1.55049264e-01 -1.57370552e-01 -1.58072129e-01 -1.57121852e-01 -1.54508799e-01
 -1.50243551e-01 -1.44357547e-01 -1.36902019e-01 -1.27946064e-01 -1.17574409e-01
 -1.05884604e-01 -9.29839164e-02 -7.89860785e-02 -6.40078634e-02 -4.81657907e-02
 -3.15728784e-02 -1.43356370e-02  3.44872358e-03  2.16949396e-02  4.03325669e-02
  5.93101196e-02  7.85914660e-02  9.80186015e-02  1.17633447e-01  1.37484401e-01
  1.57632679e-01  1.78157479e-01  1.99161664e-01  2.20779121e-01  2.43184999e-01
  2.66610801e-01  2.91367829e-01  3.17884535e-01  3.46762508e-01  3.77531439e-01
  1.76175311e-01  1.72736943e-01  1.65107593e-01  1.56017035e-01  1.46527618e-01
  1.36647075e-01  1.26391634e-01  1.15777083e-01  1.04816914e-01  9.35219154e-02
  8.19003806e-02  6.99584484e-02  5.77000268e-02  4.51821685e-02  3.24586406e-02
  1.95908006e-02  6.64843759e-03 -6.28989795e-03 -1.91369262e-02 -3.17970179e-02
 -4.41669114e-02 -5.61367497e-02 -6.75914884e-02 -7.84125701e-02 -8.84799659e-02
 -9.76743773e-02 -1.05879731e-01 -1.12985700e-01 -1.18890271e-01 -1.23502269e-01
 -1.26743630e-01 -1.28551483e-01 -1.28879741e-01 -1.27700314e-01 -1.25003770e-01
 -1.20799378e-01 -1.15114696e-01 -1.07994445e-01 -9.94989425e-02 -8.97021070e-02
 -7.86889717e-02 -6.65530115e-02 -5.33932410e-02 -3.93112339e-02 -2.44081542e-02
 -8.78194068e-03  7.47519732e-03  2.42786966e-02  4.15525325e-02  5.92279434e-02
  7.72798061e-02  9.55612361e-02  1.14086717e-01  1.32885516e-01  1.52002081e-01
  1.71498924e-01  1.91461191e-01  2.12003231e-01  2.33277649e-01  2.55488127e-01
  2.78906822e-01  3.03896964e-01  3.30937892e-01  3.60638618e-01  3.92290950e-01
  1.75760657e-01  1.72574073e-01  1.65471017e-01  1.56847849e-01  1.47900984e-01
  1.38640359e-01  1.29073262e-01  1.19208761e-01  1.09056860e-01  9.86278802e-02
  8.79321694e-02  7.69802108e-02  6.57830611e-02  5.43534532e-02  4.27636243e-02
  3.10712885e-02  1.93415526e-02  7.64703518e-03 -3.93226044e-03 -1.53093338e-02
 -2.63908543e-02 -3.70781161e-02 -4.72682714e-02 -5.68558536e-02 -6.57345280e-02
 -7.37990290e-02 -8.09473023e-02 -8.70826319e-02 -9.21158791e-02 -9.59675610e-02
 -9.85698104e-02 -9.98680592e-02 -9.98223871e-02 -9.84085351e-02 -9.56183895e-02
 -9.14600566e-02 -8.59574005e-02 -7.91491196e-02 -7.10873827e-02 -6.18360713e-02
 -5.14686629e-02 -4.00658995e-02 -2.77132336e-02 -1.44981788e-02 -5.07544784e-04
  1.41753415e-02  2.94734668e-02  4.53186333e-02  6.16545863e-02  7.82912374e-02
  9.52338502e-02  1.12467162e-01  1.29992157e-01  1.47824809e-01  1.65996596e-01
  1.84556440e-01  2.03574240e-01  2.23145992e-01  2.43401200e-01  2.64513403e-01
  2.86715925e-01  3.10326189e-01  3.35787475e-01  3.63752663e-01  3.92863661e-01
  1.75795212e-01  1.72902882e-01  1.66096285e-01  1.57910779e-01  1.49482951e-01
  1.40809715e-01  1.31893083e-01  1.22739010e-01  1.13356248e-01  1.03755400e-01
  9.39483643e-02  8.39481801e-02  7.37692043e-02  6.34274855e-02  5.29411845e-02
  4.23939377e-02  3.18454355e-02  2.13618036e-02  1.10154301e-02  8.84552195e-04
 -8.94735102e-03 -1.83924306e-02 -2.73595899e-02 -3.57558057e-02 -4.34876792e-02
 -5.04631028e-02 -5.65930717e-02 -6.17935210e-02 -6.59871697e-02 -6.91052675e-02
 -7.10892454e-02 -7.18920529e-02 -7.14793354e-02 -6.98302016e-02 -6.69376552e-02
 -6.28086105e-02 -5.74634783e-02 -5.09354249e-02 -4.32691611e-02 -3.45194601e-02
 -2.47493740e-02 -1.40282344e-02 -2.42952211e-03  9.97138396e-03  2.30997037e-02
  3.68838347e-02  5.12597412e-02  6.61705285e-02  8.14299360e-02  9.70148370e-02
  1.12908058e-01  1.29095525e-01  1.45570129e-01  1.62333697e-01  1.79398552e-01
  1.96788982e-01  2.14543045e-01  2.32714668e-01  2.51376152e-01  2.70621240e-01
  2.90569097e-01  3.11370492e-01  3.33219588e-01  3.56368721e-01  3.79896194e-01
  1.75803021e-01  1.73192188e-01  1.66712686e-01  1.58989444e-01  1.51089549e-01
  1.42994702e-01  1.34705335e-01  1.26229584e-01  1.17578834e-01  1.08765855e-01
  9.98044759e-02  9.07095596e-02  8.14973414e-02  7.21858218e-02  6.27952144e-02
  5.33483811e-02  4.39342819e-02  3.46122719e-02  2.54469533e-02  1.65078286e-02
  7.86882173e-03 -3.92568414e-04 -8.19628220e-03 -1.54608805e-02 -2.21048910e-02
 -2.80482639e-02 -3.32138911e-02 -3.75291631e-02 -4.09274660e-02 -4.33496535e-02
 -4.47453633e-02 -4.50741574e-02 -4.43064347e-02 -4.24240977e-02 -3.94208916e-02
 -3.53024304e-02 -3.00858598e-02 -2.37992145e-02 -1.64804254e-02 -8.17606971e-03
  1.06013077e-03  1.11690778e-02  2.20877454e-02  3.37505713e-02  4.60919626e-02
  5.90425730e-02  7.25584179e-02  8.64696801e-02  1.00741789e-01  1.15342356e-01
  1.30241960e-01  1.45414472e-01  1.60837844e-01  1.76494896e-01  1.92373902e-01
  2.08468780e-01  2.24778920e-01  2.41307974e-01  2.58061320e-01  2.75040716e-01
  2.92233944e-01  3.09594542e-01  3.26997876e-01  3.44121993e-01  3.60124171e-01
  1.75314680e-01  1.72880873e-01  1.67044640e-01  1.59940958e-01  1.52611405e-01
  1.45083591e-01  1.37390018e-01  1.29554123e-01  1.21594086e-01  1.13525651e-01
  1.05363958e-01  9.71245468e-02  8.88241231e-02  8.04811716e-02  7.21163675e-02
  6.37530461e-02  5.54175600e-02  4.71982397e-02  3.91517840e-02  3.13388444e-02
  2.38244291e-02  1.66764706e-02  9.96490940e-03  3.76071758e-03 -1.86536333e-03
 -6.84409495e-03 -1.11090066e-02 -1.45976497e-02 -1.72528252e-02 -1.90237463e-02
 -1.98671054e-02 -1.97479986e-02 -1.86406747e-02 -1.65290814e-02 -1.34071819e-02
 -9.27902572e-03 -4.15853411e-03  1.93105487e-03  8.95807892e-03  1.68832783e-02
  2.56609842e-02  3.52424271e-02  4.55754735e-02  5.66008762e-02  6.82805255e-02
  8.04496258e-02  9.30823535e-02  1.06126107e-01  1.19533628e-01  1.33260548e-01
  1.47264421e-01  1.61504194e-01  1.75940320e-01  1.90534651e-01  2.05250502e-01
  2.20052138e-01  2.34903559e-01  2.49766231e-01  2.64594764e-01  2.79329807e-01
  2.93886274e-01  3.08135539e-01  3.21879745e-01  3.34824890e-01  3.46580237e-01
  1.75406277e-01  1.73362494e-01  1.67789459e-01  1.61008671e-01  1.54075012e-01
  1.47007719e-01  1.39838725e-01  1.32588893e-01  1.25273600e-01  1.17906138e-01
  1.10499471e-01  1.03067391e-01  9.56252068e-02  8.81902874e-02  8.07824954e-02
  7.34244585e-02  6.61417618e-02  5.89629374e-02  5.19698672e-02  4.52113859e-02
  3.87468413e-02  3.26355211e-02  2.69381087e-02  2.17166841e-02  1.70326717e-02
  1.29457563e-02  9.51298885e-03  6.78787008e-03  4.81942901e-03  3.65131418e-03
  3.32096545e-03  3.85888247e-03  5.28802723e-03  7.62336049e-03  1.08715054e-02
  1.50305154e-02  2.00897753e-02  2.60303523e-02  3.28271985e-02  4.04478945e-02
  4.88472730e-02  5.79921976e-02  6.78590313e-02  7.82996714e-02  8.92918482e-02
  1.00785673e-01  1.12734303e-01  1.25088170e-01  1.37796208e-01  1.50805980e-01
  1.64063469e-01  1.77512974e-01  1.91097155e-01  2.04757079e-01  2.18432367e-01
  2.32061207e-01  2.45579764e-01  2.58920938e-01  2.72011787e-01  2.84769624e-01
  2.97096312e-01  3.08871776e-01  3.19948554e-01  3.30151886e-01  3.39290619e-01
  1.75789326e-01  1.74171209e-01  1.68737888e-01  1.61993161e-01  1.55285567e-01
  1.48586899e-01  1.41886532e-01  1.35183051e-01  1.28479183e-01  1.21780068e-01
  1.15093052e-01  1.08427800e-01  1.01796545e-01  9.52143446e-02  8.86993334e-02
  8.22729692e-02  7.59603530e-02  6.97907880e-02  6.37988374e-02  5.80120608e-02
  5.25202565e-02  4.73669581e-02  4.26015966e-02  3.82823870e-02  3.44628207e-02
  3.11937574e-02  2.85236221e-02  2.64979340e-02  2.51586270e-02  2.45433450e-02
  2.46847905e-02  2.56101862e-02  2.73408499e-02  2.98919119e-02  3.32720391e-02
  3.74829471e-02  4.25178483e-02  4.83566709e-02  5.49881794e-02  6.24087974e-02
  7.04898015e-02  7.92269707e-02  8.85955542e-02  9.85500664e-02  1.09049186e-01
  1.20048583e-01  1.31501108e-01  1.43355876e-01  1.55557752e-01  1.68046817e-01
  1.80758044e-01  1.93620980e-01  2.06559986e-01  2.19494641e-01  2.32340798e-01
  2.45011881e-01  2.57420272e-01  2.69478530e-01  2.81100124e-01  2.92199135e-01
  3.02689433e-01  3.12483400e-01  3.21491539e-01  3.29624146e-01  3.36796314e-01
  1.75180465e-01  1.73799634e-01  1.68663636e-01  1.62198454e-01  1.55823156e-01
  1.49533764e-01  1.43317834e-01  1.37165397e-01  1.31069943e-01  1.25028655e-01
  1.19042575e-01  1.13116436e-01  1.07258722e-01  1.01481549e-01  9.58006382e-02
  9.02353153e-02  8.48085284e-02  7.95469284e-02  7.44809136e-02  6.96444064e-02
  6.50777668e-02  6.08159304e-02  5.68858422e-02  5.33879623e-02  5.03585003e-02
  4.78368737e-02  4.58627529e-02  4.44744192e-02  4.37077358e-02  4.35953848e-02
  4.41663042e-02  4.54453267e-02  4.74530086e-02  5.02058156e-02  5.37169203e-02
  5.79982214e-02  6.30651787e-02  6.88204616e-02  7.52738044e-02  8.24166611e-02
  9.02209133e-02  9.86631811e-02  1.07717343e-01  1.17352098e-01  1.27532467e-01
  1.38219193e-01  1.49367973e-01  1.60928518e-01  1.72843292e-01  1.85046434e-01
  1.97462603e-01  2.10006207e-01  2.22581327e-01  2.35082462e-01  2.47396737e-01
  2.59407312e-01  2.70998031e-01  2.82058626e-01  2.92489648e-01  3.02206129e-01
  3.11139673e-01  3.19238693e-01  3.26467365e-01  3.32803696e-01  3.38238180e-01
  1.73752189e-01  1.72601655e-01  1.67540833e-01  1.61392659e-01  1.55428052e-01
  1.49619788e-01  1.43946677e-01  1.38388798e-01  1.32930383e-01  1.27561077e-01
  1.22276053e-01  1.17075779e-01  1.11965507e-01  1.06954865e-01  1.02057450e-01
  9.72905755e-02  9.26749930e-02  8.82347748e-02  8.39971155e-02  7.99921677e-02
  7.62529075e-02  7.28140995e-02  6.97133988e-02  6.69958219e-02  6.47011995e-02
  6.28668889e-02  6.15284294e-02  6.07194789e-02  6.04714975e-02  6.08133897e-02
  6.17711172e-02  6.33673966e-02  6.56214505e-02  6.85487241e-02  7.21605346e-02
  7.64632747e-02  8.14560950e-02  8.71247202e-02  9.34606120e-02  1.00453794e-01
  1.08090498e-01  1.16354629e-01  1.25227258e-01  1.34685844e-01  1.44703746e-01
  1.55249298e-01  1.66284576e-01  1.77763760e-01  1.89631179e-01  2.01818854e-01
  2.14243934e-01  2.26806343e-01  2.39386991e-01  2.51847833e-01  2.64034450e-01
  2.75782615e-01  2.86928266e-01  2.97320217e-01  3.06832701e-01  3.15375030e-01
  3.22897047e-01  3.29389006e-01  3.34876865e-01  3.39413315e-01  3.43067139e-01
  1.70776933e-01  1.69704199e-01  1.65068269e-01  1.59339488e-01  1.53890669e-01
  1.48675472e-01  1.43645629e-01  1.38762444e-01  1.33998498e-01  1.29336655e-01
  1.24768361e-01  1.20292038e-01  1.15911782e-01  1.11636408e-01  1.07478730e-01
  1.03455022e-01  9.95846838e-02  9.58899036e-02  9.23954248e-02  8.91283229e-02
  8.61177519e-02  8.33946690e-02  8.09916928e-02  7.89428279e-02  7.72816986e-02
  7.60409683e-02  7.52521008e-02  7.49450549e-02  7.51480758e-02  7.58873448e-02
  7.71867633e-02  7.90676698e-02  8.15486163e-02  8.46451074e-02  8.83693323e-02
  9.27297994e-02  9.77310315e-02  1.03373565e-01  1.09656170e-01  1.16575867e-01
  1.24127679e-01  1.32304624e-01  1.41097456e-01  1.50494203e-01  1.60479426e-01
  1.71033189e-01  1.82129428e-01  1.93733811e-01  2.05800653e-01  2.18268886e-01
  2.31057018e-01  2.44056955e-01  2.57127613e-01  2.70089477e-01  2.82723963e-01
  2.94781476e-01  3.06002080e-01  3.16146344e-01  3.25026482e-01  3.32528591e-01
  3.38622451e-01  3.43360305e-01  3.46865058e-01  3.49307060e-01  3.50872993e-01
  1.66160688e-01  1.65087923e-01  1.60808459e-01  1.55696318e-01  1.51005313e-01
  1.46597028e-01  1.42376214e-01  1.38286203e-01  1.34295210e-01  1.30387217e-01
  1.26556605e-01  1.22804873e-01  1.19138777e-01  1.15569092e-01  1.12109870e-01
  1.08777888e-01  1.05592333e-01  1.02574505e-01  9.97476205e-02  9.71365944e-02
  9.47678313e-02  9.26689729e-02  9.08686519e-02  8.93960670e-02  8.82804841e-02
  8.75507668e-02  8.72350484e-02  8.73604342e-02  8.79527330e-02  8.90362561e-02
  9.06335637e-02  9.27653238e-02  9.54500958e-02  9.87042710e-02  1.02541901e-01
  1.06974736e-01  1.12012222e-01  1.17661834e-01  1.23929515e-01  1.30820036e-01
  1.38337150e-01  1.46483779e-01  1.55261859e-01  1.64672300e-01  1.74714401e-01
  1.85385138e-01  1.96677700e-01  2.08579347e-01  2.21067980e-01  2.34106958e-01
  2.47637466e-01  2.61567205e-01  2.75754482e-01  2.89986879e-01  3.03957611e-01
  3.17255378e-01  3.29400033e-01  3.39938641e-01  3.48543167e-01  3.55049670e-01
  3.59456509e-01  3.61919582e-01  3.62745851e-01  3.62351120e-01  3.61160934e-01
  1.58824161e-01  1.57376558e-01  1.53809488e-01  1.50118485e-01  1.46749914e-01
  1.43492728e-01  1.40286267e-01  1.37109637e-01  1.33958101e-01  1.30835056e-01
  1.27748638e-01  1.24710172e-01  1.21733308e-01  1.18833572e-01  1.16028123e-01
  1.13335580e-01  1.10775933e-01  1.08370431e-01  1.06141537e-01  1.04112796e-01
  1.02308743e-01  1.00754701e-01  9.94766057e-02  9.85007733e-02  9.78535935e-02
  9.75612476e-02  9.76494774e-02  9.81433168e-02  9.90668908e-02  1.00443237e-01
  1.02294125e-01  1.04639970e-01  1.07499711e-01  1.10890776e-01  1.14829138e-01
  1.19329378e-01  1.24404892e-01  1.30068153e-01  1.36331081e-01  1.43205509e-01
  1.50703475e-01  1.58837706e-01  1.67621985e-01  1.77071407e-01  1.87202707e-01
  1.98034182e-01  2.09585473e-01  2.21876502e-01  2.34925598e-01  2.48745739e-01
  2.63337791e-01  2.78678924e-01  2.94701785e-01  3.11256349e-01  3.28031659e-01
  3.44384193e-01  3.59157175e-01  3.71205509e-01  3.80008012e-01  3.85428816e-01
  3.87515962e-01  3.86503339e-01  3.82962883e-01  3.78014535e-01  3.72837365e-01
  1.48450822e-01  1.45720452e-01  1.44653291e-01  1.43541098e-01  1.41887128e-01
  1.39937982e-01  1.37808546e-01  1.35563180e-01  1.33244634e-01  1.30885273e-01
  1.28511935e-01  1.26148388e-01  1.23816714e-01  1.21538088e-01  1.19333319e-01
  1.17223263e-01  1.15229011e-01  1.13372102e-01  1.11674592e-01  1.10159121e-01
  1.08848907e-01  1.07767642e-01  1.06939435e-01  1.06388651e-01  1.06139764e-01
  1.06217138e-01  1.06644876e-01  1.07446611e-01  1.08645357e-01  1.10263348e-01
  1.12321913e-01  1.14841424e-01  1.17841199e-01  1.21339597e-01  1.25354052e-01
  1.29901275e-01  1.34997502e-01  1.40658885e-01  1.46901920e-01  1.53744012e-01
  1.61204100e-01  1.69303417e-01  1.78066373e-01  1.87521502e-01  1.97702706e-01
  2.08650589e-01  2.20413983e-01  2.33051628e-01  2.46633962e-01  2.61244416e-01
  2.76980042e-01  2.93950170e-01  3.12272668e-01  3.32069248e-01  3.53474379e-01
  3.76745909e-01  3.97610754e-01  4.12084758e-01  4.21139926e-01  4.25287932e-01
  4.24095094e-01  4.17978972e-01  4.06300068e-01  3.92968237e-01  3.82860035e-01
  1.41847506e-01  1.38837889e-01  1.38409674e-01  1.38336197e-01  1.37743399e-01
  1.36764735e-01  1.35507330e-01  1.34051487e-01  1.32457674e-01  1.30772889e-01
  1.29035026e-01  1.27275854e-01  1.25523061e-01  1.23801559e-01  1.22134529e-01
  1.20544106e-01  1.19051889e-01  1.17679320e-01  1.16447918e-01  1.15379430e-01
  1.14495933e-01  1.13819860e-01  1.13373943e-01  1.13181174e-01  1.13264695e-01
  1.13647670e-01  1.14353135e-01  1.15403883e-01  1.16822258e-01  1.18630059e-01
  1.20848417e-01  1.23497695e-01  1.26597479e-01  1.30166650e-01  1.34223431e-01
  1.38785705e-01  1.43871278e-01  1.49498358e-01  1.55686080e-01  1.62455246e-01
  1.69829160e-01  1.77834645e-01  1.86503351e-01  1.95873350e-01  2.05991164e-01
  2.16914430e-01  2.28715420e-01  2.41485715e-01  2.55342543e-01  2.70437241e-01
  2.86966473e-01  3.05185884e-01  3.25424761e-01  3.48098248e-01  3.73716384e-01
  4.00944293e-01  4.21867162e-01  4.36291784e-01  4.44557667e-01  4.46413875e-01
  4.42067325e-01  4.30649102e-01  4.13366199e-01  3.98454189e-01  3.86451036e-01
  1.37818113e-01  1.34744048e-01  1.34578764e-01  1.34907320e-01  1.34834230e-01
  1.34426296e-01  1.33750051e-01  1.32867232e-01  1.31831646e-01  1.30688876e-01
  1.29477292e-01  1.28229469e-01  1.26973614e-01  1.25734806e-01  1.24535948e-01
  1.23398572e-01  1.22343458e-01  1.21391028e-01  1.20561659e-01  1.19875908e-01
  1.19354621e-01  1.19018994e-01  1.18890628e-01  1.18991449e-01  1.19343691e-01
  1.19969770e-01  1.20892175e-01  1.22133300e-01  1.23715296e-01  1.25659868e-01
  1.27988175e-01  1.30720615e-01  1.33876845e-01  1.37475744e-01  1.41535550e-01
  1.46074116e-01  1.51109278e-01  1.56659305e-01  1.62743613e-01  1.69383541e-01
  1.76603228e-01  1.84430853e-01  1.92900047e-01  2.02051669e-01  2.11936176e-01
  2.22616792e-01  2.34173790e-01  2.46710762e-01  2.60363549e-01  2.75313646e-01
  2.91809112e-01  3.10196668e-01  3.30970824e-01  3.54827672e-01  3.82458538e-01
  4.06884879e-01  4.25345182e-01  4.37816381e-01  4.44108516e-01  4.44204539e-01
  4.37136352e-01  4.22445476e-01  4.06567693e-01  3.93293262e-01  3.82140309e-01
  1.35707095e-01  1.32642105e-01  1.32431895e-01  1.32917404e-01  1.33083627e-01
  1.32972360e-01  1.32634878e-01  1.32120922e-01  1.31475091e-01  1.30735740e-01
  1.29935369e-01  1.29101545e-01  1.28258213e-01  1.27426684e-01  1.26626670e-01
  1.25876889e-01  1.25195667e-01  1.24601305e-01  1.24112278e-01  1.23747461e-01
  1.23526208e-01  1.23468436e-01  1.23594649e-01  1.23925917e-01  1.24483876e-01
  1.25290617e-01  1.26368552e-01  1.27740264e-01  1.29428282e-01  1.31454781e-01
  1.33841276e-01  1.36608452e-01  1.39775902e-01  1.43362060e-01  1.47384286e-01
  1.51859060e-01  1.56802461e-01  1.62230611e-01  1.68160498e-01  1.74610734e-01
  1.81602478e-01  1.89160541e-01  1.97314590e-01  2.06100598e-01  2.15562746e-01
  2.25755766e-01  2.36748159e-01  2.48626739e-01  2.61503071e-01  2.75523245e-01
  2.90883571e-01  3.07857513e-01  3.26848418e-01  3.48518342e-01  3.71734023e-01
  3.91181737e-01  4.05952454e-01  4.15832996e-01  4.20725286e-01  4.19860810e-01
  4.12976742e-01  4.01205808e-01  3.90165299e-01  3.80261838e-01  3.71453077e-01
  1.34858131e-01  1.31772697e-01  1.31632283e-01  1.32122636e-01  1.32319897e-01
  1.32290453e-01  1.32093340e-01  1.31776601e-01  1.31377161e-01  1.30922988e-01
  1.30435705e-01  1.29932836e-01  1.29429549e-01  1.28939942e-01  1.28477752e-01
  1.28057033e-01  1.27692297e-01  1.27398774e-01  1.27192453e-01  1.27090126e-01
  1.27109423e-01  1.27268851e-01  1.27587795e-01  1.28086612e-01  1.28786564e-01
  1.29709855e-01  1.30879432e-01  1.32318869e-01  1.34051964e-01  1.36102334e-01
  1.38492823e-01  1.41244993e-01  1.44378617e-01  1.47911429e-01  1.51858971e-01
  1.56234890e-01  1.61051422e-01  1.66320071e-01  1.72052503e-01  1.78261414e-01
  1.84961423e-01  1.92169875e-01  1.99907675e-01  2.08199933e-01  2.17076749e-01
  2.26573989e-01  2.36733943e-01  2.47606039e-01  2.59246945e-01  2.71719605e-01
  2.85089433e-01  2.99412578e-01  3.14706147e-01  3.30871820e-01  3.47178459e-01
  3.61338735e-01  3.72449547e-01  3.80195975e-01  3.84321541e-01  3.84608746e-01
  3.81045789e-01  3.75366092e-01  3.69187325e-01  3.62950057e-01  3.56903076e-01
  1.35569468e-01  1.32482365e-01  1.32173046e-01  1.32397130e-01  1.32351682e-01
  1.32170692e-01  1.31932631e-01  1.31677985e-01  1.31424829e-01  1.31179869e-01
  1.30945101e-01  1.30721509e-01  1.30511120e-01  1.30317837e-01  1.30147785e-01
  1.30009294e-01  1.29912600e-01  1.29869655e-01  1.29893810e-01  1.29999697e-01
  1.30203143e-01  1.30521074e-01  1.30971700e-01  1.31574541e-01  1.32350639e-01
  1.33322611e-01  1.34514719e-01  1.35952637e-01  1.37663096e-01  1.39673039e-01
  1.42008618e-01  1.44694000e-01  1.47750214e-01  1.51194349e-01  1.55039221e-01
  1.59293711e-01  1.63963497e-01  1.69052288e-01  1.74563184e-01  1.80499911e-01
  1.86867699e-01  1.93673939e-01  2.00928330e-01  2.08642766e-01  2.16830850e-01
  2.25507081e-01  2.34685272e-01  2.44376227e-01  2.54583508e-01  2.65296370e-01
  2.76477426e-01  2.88041443e-01  2.99819201e-01  3.11503887e-01  3.22608620e-01
  3.32537979e-01  3.40771914e-01  3.46963108e-01  3.50935876e-01  3.52695048e-01
  3.52471024e-01  3.50715458e-01  3.47943723e-01  3.44573736e-01  3.40898156e-01
  1.38477445e-01  1.35647640e-01  1.34347290e-01  1.33526534e-01  1.32769108e-01
  1.32178634e-01  1.31777510e-01  1.31536379e-01  1.31415635e-01  1.31378949e-01
  1.31396949e-01  1.31448090e-01  1.31518587e-01  1.31601617e-01  1.31696299e-01
  1.31806299e-01  1.31938770e-01  1.32103294e-01  1.32311329e-01  1.32575661e-01
  1.32910311e-01  1.33330494e-01  1.33852720e-01  1.34495199e-01  1.35278285e-01
  1.36224896e-01  1.37361050e-01  1.38716117e-01  1.40322417e-01  1.42214134e-01
  1.44425139e-01  1.46986336e-01  1.49922892e-01  1.53252244e-01  1.56983212e-01
  1.61116540e-01  1.65646613e-01  1.70564234e-01  1.75859317e-01  1.81523234e-01
  1.87549993e-01  1.93936437e-01  2.00681731e-01  2.07786217e-01  2.15249971e-01
  2.23070800e-01  2.31241822e-01  2.39748120e-01  2.48562202e-01  2.57637680e-01
  2.66900808e-01  2.76239961e-01  2.85494566e-01  2.94449270e-01  3.02841902e-01
  3.10392857e-01  3.16848487e-01  3.22019964e-01  3.25807869e-01  3.28213722e-01
  3.29339117e-01  3.29365730e-01  3.28516304e-01  3.27013195e-01  3.25051218e-01
  1.41781136e-01  1.39115185e-01  1.36680350e-01  1.34393647e-01  1.32336155e-01
  1.31419539e-01  1.31023780e-01  1.30961433e-01  1.31113797e-01  1.31396025e-01
  1.31746143e-01  1.32121474e-01  1.32496029e-01  1.32857367e-01  1.33202791e-01
  1.33535936e-01  1.33864358e-01  1.34197831e-01  1.34547353e-01  1.34924605e-01
  1.35341838e-01  1.35811880e-01  1.36348516e-01  1.36967108e-01  1.37685373e-01
  1.38524771e-01  1.39512047e-01  1.40680999e-01  1.42073661e-01  1.43739223e-01
  1.45729825e-01  1.48093432e-01  1.50866672e-01  1.54070124e-01  1.57706201e-01
  1.61760226e-01  1.66204557e-01  1.71005815e-01  1.76132411e-01  1.81559235e-01
  1.87268838e-01  1.93250120e-01  1.99495882e-01  2.06000313e-01  2.12756470e-01
  2.19753802e-01  2.26975694e-01  2.34396622e-01  2.41979003e-01  2.49669701e-01
  2.57396340e-01  2.65064150e-01  2.72554845e-01  2.79728800e-01  2.86433131e-01
  2.92514890e-01  2.97837764e-01  3.02298307e-01  3.05837899e-01  3.08448672e-01
  3.10171962e-01  3.11089724e-01  3.11310649e-01  3.10954571e-01  3.10139358e-01
  1.43998697e-01  1.41205072e-01  1.38261750e-01  1.35029614e-01  1.31533727e-01
  1.29471973e-01  1.29146382e-01  1.29676640e-01  1.30405173e-01  1.31229252e-01
  1.32062152e-01  1.32848158e-01  1.33563504e-01  1.34205863e-01  1.34783745e-01
  1.35309830e-01  1.35797814e-01  1.36260897e-01  1.36711314e-01  1.37160197e-01
  1.37617603e-01  1.38092861e-01  1.38595000e-01  1.39133543e-01  1.39719397e-01
  1.40366763e-01  1.41096175e-01  1.41940296e-01  1.42952234e-01  1.44212380e-01
  1.45820901e-01  1.47871345e-01  1.50427908e-01  1.53519556e-01  1.57139212e-01
  1.61241189e-01  1.65745661e-01  1.70563042e-01  1.75622836e-01  1.80882454e-01
  1.86320454e-01  1.91927448e-01  1.97699472e-01  2.03633294e-01  2.09723294e-01
  2.15959162e-01  2.22323865e-01  2.28791982e-01  2.35328093e-01  2.41885453e-01
  2.48404935e-01  2.54814923e-01  2.61032522e-01  2.66966373e-01  2.72521943e-01
  2.77608037e-01  2.82144785e-01  2.86070645e-01  2.89348274e-01  2.91967064e-01
  2.93942899e-01  2.95314670e-01  2.96138585e-01  2.96481371e-01  2.96413809e-01
  1.46131873e-01  1.43421203e-01  1.40443623e-01  1.37032121e-01  1.33057192e-01
  1.30026117e-01  1.28381565e-01  1.28187269e-01  1.29456639e-01  1.31156698e-01
  1.32662728e-01  1.33916095e-01  1.34957016e-01  1.35835096e-01  1.36591017e-01
  1.37255773e-01  1.37852848e-01  1.38400093e-01  1.38911083e-01  1.39395967e-01
  1.39861599e-01  1.40311867e-01  1.40748620e-01  1.41172454e-01  1.41582340e-01
  1.41975448e-01  1.42347991e-01  1.42700002e-01  1.43052623e-01  1.43518418e-01
  1.44401059e-01  1.45937130e-01  1.48204580e-01  1.51231110e-01  1.55019537e-01
  1.59512728e-01  1.64463848e-01  1.69561327e-01  1.74697548e-01  1.79858252e-01
  1.85053453e-01  1.90298781e-01  1.95608512e-01  2.00992391e-01  2.06453860e-01
  2.11989075e-01  2.17586309e-01  2.23225564e-01  2.28878379e-01  2.34507814e-01
  2.40068838e-01  2.45509133e-01  2.50770688e-01  2.55792171e-01  2.60511935e-01
  2.64871985e-01  2.68821716e-01  2.72321552e-01  2.75345743e-01  2.77883828e-01
  2.79940605e-01  2.81534642e-01  2.82695979e-01  2.83462644e-01  2.83877611e-01
  1.48518950e-01  1.46207765e-01  1.43687636e-01  1.40900895e-01  1.37844831e-01
  1.34603515e-01  1.31757140e-01  1.30312860e-01  1.30456895e-01  1.32349640e-01
  1.34340361e-01  1.35822952e-01  1.36987224e-01  1.37946621e-01  1.38764828e-01
  1.39481083e-01  1.40120849e-01  1.40701279e-01  1.41234368e-01  1.41728729e-01
  1.42189130e-01  1.42607570e-01  1.42974645e-01  1.43285319e-01  1.43528789e-01
  1.43683791e-01  1.43712550e-01  1.43550485e-01  1.43084645e-01  1.42134324e-01
  1.41932189e-01  1.42867804e-01  1.44806385e-01  1.47807211e-01  1.51892155e-01
  1.57191783e-01  1.63240939e-01  1.68765187e-01  1.73970133e-01  1.78976089e-01
  1.83864117e-01  1.88692704e-01  1.93503574e-01  1.98324442e-01  2.03170598e-01
  2.08046257e-01  2.12945893e-01  2.17855364e-01  2.22752929e-01  2.27610216e-01
  2.32393160e-01  2.37063259e-01  2.41578937e-01  2.45897308e-01  2.49976158e-01
  2.53776163e-01  2.57263035e-01  2.60409415e-01  2.63196379e-01  2.65614271e-01
  2.67662793e-01  2.69350380e-01  2.70693064e-01  2.71712899e-01  2.72436142e-01
  1.51130334e-01  1.49495274e-01  1.47662550e-01  1.45585418e-01  1.43299237e-01
  1.40911162e-01  1.38571113e-01  1.36444658e-01  1.35344535e-01  1.36342525e-01
  1.37766972e-01  1.38894722e-01  1.39833882e-01  1.40662000e-01  1.41406611e-01
  1.42084584e-01  1.42706022e-01  1.43276647e-01  1.43800139e-01  1.44280821e-01
  1.44726232e-01  1.45110518e-01  1.45415217e-01  1.45641744e-01  1.45782009e-01
  1.45814523e-01  1.45696834e-01  1.45352513e-01  1.44650996e-01  1.43431082e-01
  1.42976448e-01  1.43745258e-01  1.45599440e-01  1.48544773e-01  1.52613372e-01
  1.57936752e-01  1.63935229e-01  1.69279620e-01  1.74160212e-01  1.78729862e-01
  1.83102772e-01  1.87364861e-01  1.91577807e-01  1.95781559e-01  1.99997738e-01
  2.04233542e-01  2.08485141e-01  2.12740421e-01  2.16980845e-01  2.21183002e-01
  2.25319654e-01  2.29360983e-01  2.33275652e-01  2.37031981e-01  2.40599319e-01
  2.43949279e-01  2.47057006e-01  2.49902293e-01  2.52470374e-01  2.54752457e-01
  2.56745785e-01  2.58453399e-01  2.59883583e-01  2.61048973e-01  2.61965692e-01
  7.56656229e-01  7.68779516e-01  7.76222229e-01  7.85189986e-01  7.94924796e-01
  8.04990590e-01  8.15304697e-01  8.26019228e-01  8.37826252e-01  8.48636925e-01
  8.60470891e-01  8.72668743e-01  8.85448873e-01  8.98374975e-01  9.11817253e-01
  9.25783634e-01  9.40302312e-01  9.55334902e-01  9.70691681e-01  9.86640513e-01
  1.00328243e+00  1.02050984e+00  1.03828573e+00  1.05670643e+00  1.07581806e+00
  1.09565306e+00  1.11628854e+00  1.13768542e+00  1.15990555e+00  1.18299460e+00
  1.20702100e+00  1.23204100e+00  1.25811744e+00  1.28531778e+00  1.31367290e+00
  1.34323752e+00  1.37411940e+00  1.40649998e+00  1.44042265e+00  1.47598553e+00
  1.51312995e+00  1.55221891e+00  1.59350574e+00  1.63694072e+00  1.68278491e+00
  1.73091030e+00  1.78227782e+00  1.83682704e+00  1.89465773e+00  1.95628703e+00
  2.02217960e+00  2.09336638e+00  2.16953421e+00  2.25220942e+00  2.34209466e+00
  2.44046521e+00  2.54918838e+00  2.67087269e+00  2.80679512e+00  2.96485853e+00
  3.14974070e+00  3.37780333e+00  3.67673683e+00  4.14329386e+00  6.67588806e+00
   83   86
  1.08380580e+00 -1.00000001e-01  1.08351183e+00  0.00000000e+00  1.08836734e+00
  1.00000001e-01  1.09842134e+00  2.00000003e-01  1.10562503e+00  2.50059217e-01
  1.12498796e+00  3.49999994e-01  1.13795447e+00  4.00000006e-01  1.15875006e+00
  4.65200096e-01  1.18531251e+00  5.31980455e-01  1.21187496e+00  5.86614966e-01
  1.23843753e+00  6.32720470e-01  1.26499999e+00  6.72098279e-01  1.29156256e+00
  7.05515206e-01  1.33484042e+00  7.50000000e-01  1.37125003e+00  7.80408204e-01
  1.40226412e+00  8.00000012e-01  1.45093751e+00  8.24872851e-01  1.50406253e+00
  8.40986013e-01  1.55718756e+00  8.48269641e-01  1.61031246e+00  8.48094702e-01
  1.66343749e+00  8.41044247e-01  1.71656251e+00  8.27126205e-01  1.76968753e+00
  8.05846334e-01  1.79624999e+00  7.92923927e-01  1.84937501e+00  7.62740791e-01
  1.87593746e+00  7.44873822e-01  1.92906249e+00  7.05097973e-01  1.95562506e+00
  6.82718754e-01  1.99027574e+00  6.49999976e-01  2.03531241e+00  6.02603614e-01
  2.06187510e+00  5.70887566e-01  2.08843756e+00  5.35581052e-01  2.11500001e+00
  4.96275753e-01  2.14293003e+00  4.49999988e-01  2.16929197e+00  4.00000006e-01
  2.19468760e+00  3.44413787e-01  2.22125006e+00  2.76569843e-01  2.24568129e+00
  2.00000003e-01  2.25784445e+00  1.50000006e-01  2.27103615e+00  5.00000007e-02
  2.26801682e+00 -5.00000007e-02  2.24808025e+00 -1.50000006e-01  2.23208380e+00
 -2.00000003e-01  2.21235347e+00 -2.50000000e-01  2.18915057e+00 -3.00000012e-01
  2.16249371e+00 -3.49999994e-01  2.13220429e+00 -4.00000006e-01  2.09800315e+00
 -4.49999988e-01  2.06187510e+00 -4.97128904e-01  2.03531241e+00 -5.29167056e-01
  2.00874996e+00 -5.59240699e-01  1.96999753e+00 -6.00000024e-01  1.92906249e+00
 -6.40935540e-01  1.90250003e+00 -6.66334271e-01  1.86497200e+00 -6.99999988e-01
  1.82281256e+00 -7.37645149e-01  1.79624999e+00 -7.60283828e-01  1.74728417e+00
 -8.00000012e-01  1.71656251e+00 -8.25495303e-01  1.68344831e+00 -8.50000024e-01
  1.63687503e+00 -8.86363864e-01  1.61031246e+00 -9.05525804e-01  1.55718756e+00
 -9.43342328e-01  1.53062499e+00 -9.62354481e-01  1.47749996e+00 -9.96709228e-01
  1.45093751e+00 -1.01594448e+00  1.39781249e+00 -1.04591918e+00  1.35828245e+00
 -1.07351494e+00  1.34468746e+00 -1.04396749e+00  1.31812501e+00 -9.96573687e-01
  1.29156256e+00 -9.45302248e-01  1.26499999e+00 -8.90062034e-01  1.23843753e+00
 -8.29604387e-01  1.21187496e+00 -7.61705995e-01  1.19045460e+00 -6.99999988e-01
  1.17436326e+00 -6.49999976e-01  1.15875006e+00 -5.96509814e-01  1.13446987e+00
 -5.00000000e-01  1.12365437e+00 -4.49999988e-01  1.10604179e+00 -3.49999994e-01
  1.09909225e+00 -3.00000012e-01  1.08903384e+00 -2.00000003e-01  1.08380580e+00
 -1.00000001e-01
  1.01600003e+00  0.00000000e+00  1.01600003e+00  9.63999987e-01  1.01600003e+00
  9.67999995e-01  1.01600003e+00  1.00100005e+00  1.01600003e+00  1.01900005e+00
  1.01600003e+00  1.07700002e+00  1.01600003e+00  1.07000005e+00  1.01600003e+00
  1.09599996e+00  1.01600003e+00  1.11300004e+00  1.01600003e+00  1.13800001e+00
  1.01600003e+00  1.14699996e+00  1.01199996e+00  1.16499996e+00  1.00100005e+00
  1.21700001e+00  1.02900004e+00  1.21700001e+00  1.04200006e+00  1.16240001e+00
  1.04600000e+00  1.16237998e+00  1.05599999e+00  1.16260004e+00  1.09700000e+00
  1.16450000e+00  1.10800004e+00  1.16594005e+00  1.11600006e+00  1.16591001e+00
  1.13399994e+00  1.16895998e+00  1.14800000e+00  1.17174995e+00  1.16199994e+00
  1.17556000e+00  1.18099999e+00  1.18299997e+00  1.18200004e+00  1.18350005e+00
  1.18499994e+00  1.18499994e+00  1.19000006e+00  1.18799996e+00  1.19500005e+00
  1.19099998e+00  1.20099998e+00  1.19599998e+00  1.20899999e+00  1.20200002e+00
  1.21500003e+00  1.20799994e+00  1.22200000e+00  1.21399999e+00  1.22800004e+00
  1.22099996e+00  1.23399997e+00  1.23099995e+00  1.23899996e+00  1.23800004e+00
  1.24199998e+00  1.24399996e+00  1.24800003e+00  1.25399995e+00  1.25800002e+00
  1.27800000e+00  1.26300001e+00  1.28999996e+00  1.27999997e+00  1.33099997e+00
  1.27999997e+00  1.34700000e+00  1.27999997e+00  1.34800005e+00  1.30999994e+00
  1.34800005e+00  1.32799995e+00  1.34800005e+00  1.36099994e+00  1.34800005e+00
  1.38000000e+00  1.34800005e+00  1.41900003e+00  1.34800005e+00  1.41900003e+00
  1.30999994e+00  1.37199998e+00  1.30999994e+00  1.37199998e+00  1.29200006e+00
  1.60800004e+00  1.09500003e+00  1.64699996e+00  1.07700002e+00  1.78499997e+00
  1.07700002e+00  2.06999993e+00  1.03999996e+00  2.12800002e+00  9.92999971e-01
  2.24499989e+00  7.08999991e-01  2.32299995e+00  5.18999994e-01  2.37700009e+00
  3.88999999e-01  2.36249995e+00  4.00000006e-01  2.36443496e+00  2.22000003e-01
  2.36496902e+00  1.33000001e-01  2.36532402e+00  4.39999998e-02  2.36512089e+00
 -4.39999998e-02  2.36484194e+00 -1.33000001e-01  2.36433411e+00 -2.22000003e-01
  2.36249995e+00 -4.00000006e-01  2.37700009e+00 -3.88999999e-01  2.13400006e+00
 -9.72999990e-01  1.78600001e+00 -1.17400002e+00  1.76800001e+00 -1.21099997e+00
  1.76800001e+00 -1.25000000e+00  1.68200004e+00 -1.25000000e+00  1.37199998e+00
 -1.25000000e+00  1.37199998e+00 -1.32900000e+00  1.41999996e+00 -1.32900000e+00
  1.41999996e+00 -1.36300004e+00  1.27300000e+00 -1.36300004e+00  1.15300000e+00
 -1.36300004e+00  1.01600003e+00 -1.22300005e+00  1.01600003e+00 -1.22300005e+00
  1.01600003e+00 -8.29999983e-01  1.01600003e+00 -8.00000012e-01  1.01600003e+00
 -4.14999992e-01  1.01600003e+00 -4.00000006e-01  1.01600003e+00 -1.00000005e-03
  1.01600003e+00  0.00000000e+00
    0 0.000000000e+00    0
  0.00000000e+00  8.68983418e-02  1.23581804e-01  1.51953757e-01  1.76063582e-01
  1.97515756e-01  2.17139170e-01  2.35366210e-01  2.51259804e-01  2.67607212e-01
  2.83111334e-01  2.98185468e-01  3.12744081e-01  3.26750904e-01  3.40383887e-01
  3.53720218e-01  3.66809487e-01  3.79608005e-01  3.92164409e-01  4.04520690e-01
  4.16734278e-01  4.28826332e-01  4.40745741e-01  4.52553719e-01  4.64270264e-01
  4.75901902e-01  4.87488985e-01  4.99000311e-01  5.10460734e-01  5.21904767e-01
  5.33308566e-01  5.44705510e-01  5.56105971e-01  5.67521632e-01  5.78936875e-01
  5.90380609e-01  6.01854503e-01  6.13384128e-01  6.24973774e-01  6.36637688e-01
  6.48325026e-01  6.60125196e-01  6.72031820e-01  6.84035778e-01  6.96167767e-01
  7.08356321e-01  7.20762908e-01  7.33311355e-01  7.46006131e-01  7.58893251e-01
  7.71945775e-01  7.85296440e-01  7.98823714e-01  8.12653899e-01  8.26748431e-01
  8.41177106e-01  8.55990529e-01  8.71214092e-01  8.86848450e-01  9.03086901e-01
  9.19980466e-01  9.37635064e-01  9.56342280e-01  9.76599574e-01  1.00000000e+00
    0
